# Well Angle,Fracture 1,Fracture 2,Fracture 3,Pressure Drop
1.003354252449484146e-01,3.464006043397166934e+01,3.274032971889158716e+01,3.261960984713675060e+01,1.583712151640627042e+02
2.006706966436306028e-01,3.405976101934983546e+01,3.272530963475627885e+01,3.321492934589389279e+01,1.587844518815135757e+02
3.010056603245632179e-01,3.348700772567213590e+01,3.269548688047880347e+01,3.381750539384906773e+01,1.591462650502808742e+02
4.013401625788883820e-01,3.292143875766056027e+01,3.265083839446043612e+01,3.442772284787901782e+01,1.594569316078303700e+02
5.006912612564722309e-01,3.236814305832704974e+01,3.259197733129655461e+01,3.503987961037638854e+01,1.597143728466885477e+02
6.005615116529761099e-01,3.181836759459585906e+01,3.251805571243027515e+01,3.566357669297386934e+01,1.599229928896246520e+02
7.004308497143204582e-01,3.127469511482480868e+01,3.242926407043707826e+01,3.629604081473812016e+01,1.600814177704801580e+02
8.002991237428552784e-01,3.073680317522019934e+01,3.232550424683068258e+01,3.693769257794910743e+01,1.601896966041313419e+02
9.001661820506275946e-01,3.020437626119363372e+01,3.220665879194432790e+01,3.758896494686204903e+01,1.602478234086531188e+02
1.000031872960765789e+00,2.967710517351801514e+01,3.207259066847652207e+01,3.825030415800546280e+01,1.602557371702195610e+02
1.100961253905949455e+00,2.914913904123000066e+01,3.192146526256674122e+01,3.892939569620325813e+01,1.602125974816724465e+02
1.200823736403118236e+00,2.863132130430929934e+01,3.175629351819150870e+01,3.961238517749918486e+01,1.601191416742977083e+02
1.300418102405262344e+00,2.811912481800085573e+01,3.157586797289540925e+01,4.030500720910374213e+01,1.599754076129470377e+02
1.400809364927726230e+00,2.760681377371576417e+01,3.137791128069092395e+01,4.101527494559331899e+01,1.597791657947869055e+02
1.500665914816155189e+00,2.710091144367619620e+01,3.116474216638500749e+01,4.173434638993879986e+01,1.595324727093894523e+02
1.600520185534808570e+00,2.659840647952314541e+01,3.093508863807411657e+01,4.246650488240273091e+01,1.592340251661691752e+02
1.700105757316529465e+00,2.610034594162600285e+01,3.068934228056311397e+01,4.321031177781087962e+01,1.588843711872510482e+02
1.800221283243522041e+00,2.560246760639146046e+01,3.042515149499977412e+01,4.397238089860876897e+01,1.584799793690285696e+02
1.899950655587020032e+00,2.510905572936492547e+01,3.014455765465558557e+01,4.474638661597950318e+01,1.580238546406550313e+02
1.999930083045492024e+00,2.461667978418828540e+01,2.984543963830447311e+01,4.553788057750725216e+01,1.575125502068063383e+02
2.099906465473766470e+00,2.412631716483191369e+01,2.952809384649874858e+01,4.634558898866933419e+01,1.569464491259189742e+02
2.199879650817317511e+00,2.363769058874187223e+01,2.919209847297958405e+01,4.717021093827854372e+01,1.563247797502735921e+02
2.299849487050810826e+00,2.315052215617556186e+01,2.883700159978902633e+01,4.801247624403541181e+01,1.556467028762655502e+02
2.399815822179489189e+00,2.266453282809330716e+01,2.846231975145881421e+01,4.887314742044787863e+01,1.549113097187620838e+02
2.499778504240557808e+00,2.217944189694599899e+01,2.806753632652496222e+01,4.975302177652904589e+01,1.541176197095279861e+02
2.599737381304565442e+00,2.169496644854808665e+01,2.765209989759724962e+01,5.065293365385466018e+01,1.532645781138897974e+02
2.699692301476790846e+00,2.121082081320463075e+01,2.721542237035492562e+01,5.157375681644044363e+01,1.523510534594309718e+02
2.799643112898621666e+00,2.072671600423403149e+01,2.675687699091233895e+01,5.251640700485362601e+01,1.513758347702435003e+02
2.899589663748938673e+00,2.024235914199941178e+01,2.627579618998257516e+01,5.348184466801802017e+01,1.503376286000290634e+02
2.999531802245492429e+00,1.975745286152412916e+01,2.577146925116681686e+01,5.447107788730905042e+01,1.492350558571974091e+02
3.099469376646286189e+00,1.927169470173576471e+01,2.524313978948921644e+01,5.548516550877502596e+01,1.480666484150282258e+02
3.199402235250955240e+00,1.878477647434203135e+01,2.469000302498428212e+01,5.652522050067369008e+01,1.468308455000572792e+02
3.299330226402140021e+00,1.829638361030996663e+01,2.411120283471034753e+01,5.759241355497969295e+01,1.455259898519694843e+02
3.399253198486867245e+00,1.780619448188395637e+01,2.350582856499393714e+01,5.868797695312210294e+01,1.441503236487200184e+02
3.499170999937923909e+00,1.731387969805436455e+01,2.287291158400063651e+01,5.981320871794500249e+01,1.427019841911400135e+02
3.599083479235231753e+00,1.681910137136737404e+01,2.221142155286251096e+01,6.096947707577010789e+01,1.411789993421290319e+02
3.698990484907222154e+00,1.632151235396260702e+01,2.152026239155267007e+01,6.215822525448471936e+01,1.395792827166857535e+02
3.798891865532205259e+00,1.582075544073470930e+01,2.079826791347896631e+01,6.338097664578633328e+01,1.379006286205792833e+02
3.898787469739746658e+00,1.531646253754926690e+01,2.004419710034706270e+01,6.463934036210366685e+01,1.361407067374416044e+02
3.998677146212032518e+00,1.480825379250521401e+01,1.925672898620914708e+01,6.593501722128564779e+01,1.342970565666509231e+02
4.098560743685243146e+00,1.429573668833668521e+01,1.843445711675206411e+01,6.726980619491125424e+01,1.323670816176066296e+02
4.198438110950915458e+00,1.377850509419357117e+01,1.757588354677125153e+01,6.864561135903517197e+01,1.303480433700613048e+02
4.298309096857314771e+00,1.325613827524693988e+01,1.667941233541092672e+01,7.006444938934212985e+01,1.282370550152350575e+02
4.398173550310795044e+00,1.272819985884650329e+01,1.574334249511995765e+01,7.152845764603354439e+01,1.260310749986401504e+02
4.498031320277168454e+00,1.219423675632683235e+01,1.476586034635362843e+01,7.303990289731953567e+01,1.237269003932392764e+02
4.597882255783063421e+00,1.165377804004559259e+01,1.374503122585637804e+01,7.460119073409802581e+01,1.213211601408406750e+02
4.697726205917286180e+00,1.110633377585512704e+01,1.267879049186960749e+01,7.621487573227526013e+01,1.188103082110514350e+02
4.797563019832182363e+00,1.055139381199975901e+01,1.156493376484300661e+01,7.788367242315725036e+01,1.161906167408731676e+02
4.897392546744996800e+00,9.988426526421863016e+00,1.040110633719526056e+01,7.961046713638286576e+01,1.134581692346361166e+02
4.997214635939223548e+00,9.416877535698995771e+00,9.184791680400813618e+00,8.139833078390019239e+01,1.106088539241341380e+02
5.097029136765969248e+00,8.836168370370273806e+00,7.913298972220975003e+00,8.325053265740875474e+01,1.076383574128287393e+02
5.196835898645304042e+00,8.245695123303594443e+00,6.583749561315005216e+00,8.517055531538140656e+01,1.045421587569779120e+02
5.296634771067609826e+00,7.644827080078878012e+00,5.193062280856533874e+00,8.716211063906459344e+01,1.013155241711392307e+02
5.396425603594937392e+00,7.838039474810283735e+00,5.874840989913031386e+00,8.628711953527668754e+01,1.030437231338073616e+02
5.496208245862351127e+00,8.291124569874668282e+00,7.253906134296346231e+00,8.445496929582898815e+01,1.064679917661120214e+02
5.595982547579276378e+00,8.718858318419115960e+00,8.578957905975888920e+00,8.270218377560499334e+01,1.097970722257194041e+02
5.695748358530851263e+00,9.122798890541760741e+00,9.853289956381100723e+00,8.102391115307713676e+01,1.130349164736401235e+02
5.795505528579258936e+00,9.504394461146448592e+00,1.107994231971668597e+01,7.941566321913686011e+01,1.161853110809144738e+02
5.895253907665082949e+00,9.864991591527287440e+00,1.226172385634022355e+01,7.787328455213248901e+01,1.192518777731186930e+02
5.994993345808638630e+00,1.020584299457147992e+01,1.340123255240496469e+01,7.639292445302355361e+01,1.222380756915967055e+02
6.094723693111312457e+00,1.052811471398212717e+01,1.450087388237912478e+01,7.497101140363874094e+01,1.251472049382361149e+02
6.194444799756905873e+00,1.083289275087395964e+01,1.556287742337614333e+01,7.360422982574989703e+01,1.279824110575634677e+02
6.294156516012963110e+00,1.112118917248814220e+01,1.658931189326964528e+01,7.228949893424221784e+01,1.307466901806615169e+02
6.393858692232106122e+00,1.139394773803235950e+01,1.758209876855661591e+01,7.102395349341102815e+01,1.334428946128473967e+02
6.493551178853365968e+00,1.165204907610453233e+01,1.854302462300262277e+01,6.980492630089283068e+01,1.360737386934948745e+02
6.593233826403512410e+00,1.189631544705166810e+01,1.947375231431136200e+01,6.862993223863696812e+01,1.386418047939939413e+02
6.692906485498384406e+00,1.212751512213693594e+01,2.037583113341575114e+01,6.749665374444731469e+01,1.411495493500979705e+02
6.792569006844207280e+00,1.234636640967788956e+01,2.125070601945513005e+01,6.640292757086697861e+01,1.435993088492232346e+02
6.892221241238922325e+00,1.255354135648716252e+01,2.209972593304471999e+01,6.534673271046811749e+01,1.459933057128428402e+02
6.991863039573508409e+00,1.274966915106074694e+01,2.292415147097911898e+01,6.432617937796013052e+01,1.483336540296354258e+02
7.091494252833295597e+00,1.293533925308346966e+01,2.372516179698309102e+01,6.333949894993343577e+01,1.506223651075476653e+02
7.191114732099286755e+00,1.311110427198819650e+01,2.450386095545323784e+01,6.238503477255856922e+01,1.528613528226792084e+02
7.290724328549469391e+00,1.327748261554237352e+01,2.526128362824162110e+01,6.146123375621600360e+01,1.550524387507508095e+02
7.390322893460136378e+00,1.343496092776224593e+01,2.599840038835831280e+01,6.056663868387944660e+01,1.571973570729153948e+02
7.489910278207176475e+00,1.358399633387719874e+01,2.671612249893719948e+01,5.969988116718559468e+01,1.592977592524571833e+02
7.589486334267411038e+00,1.372501850859196004e+01,2.741530630085710030e+01,5.885967519055094499e+01,1.613552184825252311e+02
7.689050913219872108e+00,1.385843158252381180e+01,2.809675722798081665e+01,5.804481118949536977e+01,1.633712339078115861e+02
7.788603866747125792e+00,1.398461590042150071e+01,2.876123348501484145e+01,5.725415061456364896e+01,1.653472346251833756e+02
7.888145046636561020e+00,1.410392964360270618e+01,2.940944941944979618e+01,5.648662093694749586e+01,1.672845834697298812e+02
7.987674304781701373e+00,1.421671032796982459e+01,3.004207861587471129e+01,5.574121105615545702e+01,1.691845805938015985e+02
8.087191493183485846e+00,1.432327618797656399e+01,3.065975673812887337e+01,5.501696707389456265e+01,1.710484668473033025e+02
8.186696463951571801e+00,1.442392745601423698e+01,3.126308414221821153e+01,5.431298840176754794e+01,1.728774269679287272e+02
8.286189069305631705e+00,1.451894754585886282e+01,3.185262828066158747e+01,5.362842417347955148e+01,1.746725925903122629e+02
8.385669161576629449e+00,1.460860414806738916e+01,3.242892591689941639e+01,5.296246993503319800e+01,1.764350450830487205e+02
8.485136593208121525e+00,1.469315024452218488e+01,3.299248516658445851e+01,5.231436458889334773e+01,1.781658182225204996e+02
8.584591216757525345e+00,1.477282504869636170e+01,3.354378738094474244e+01,5.168338757035891007e+01,1.798659007122971332e+02
8.684032884897414206e+00,1.484785487764099798e+01,3.408328888594927264e+01,5.106885623640974359e+01,1.815362385566147907e+02
8.783461450416796268e+00,1.491845396117603073e+01,3.461142258970097174e+01,5.047012344912299397e+01,1.831777372961933281e+02
8.882876766222377540e+00,1.498482519329234819e+01,3.512859946930290533e+01,4.988657533740475003e+01,1.847912641143070118e+02
8.982278685339849744e+00,1.504716083034289476e+01,3.563520994739073444e+01,4.931762922226637613e+01,1.863776498206585472e+02
9.081667060915158629e+00,1.510564314020805909e+01,3.613162516757522269e+01,4.876273169221671822e+01,1.879376907203347571e+02
9.181041746215761634e+00,1.516044500626462010e+01,3.661819817718494363e+01,4.822135681655043982e+01,1.894721503746455937e+02
9.280402594631913971e+00,1.521173048966151242e+01,3.709526502493141464e+01,4.769300448540707293e+01,1.909817612603961265e+02
9.379749459677913848e+00,1.525965535311250854e+01,3.756314578042604779e+01,4.717719886646143834e+01,1.924672263337064066e+02
9.479082194993370791e+00,1.530436754914449082e+01,3.802214548185609289e+01,4.667348696899941274e+01,1.939292205042067678e+02
9.578400654344461529e+00,1.534600767549646427e+01,3.847255501756094986e+01,4.618143730694259119e+01,1.953683920250662425e+02
9.677704691625187650e+00,1.538470940014080846e+01,3.891465194674518102e+01,4.570063865311399809e+01,1.967853638039962902e+02
9.776994160858622607e+00,1.542059985819483536e+01,3.934870126410132229e+01,4.523069887770385122e+01,1.981807346400718757e+02
9.876268916198162273e+00,1.545380002280448650e+01,3.977495611270374809e+01,4.477124386449175830e+01,1.995550803909138722e+02
9.975528811928775497e+00,1.548442505191448859e+01,4.019365844915490982e+01,4.432191649893060514e+01,2.009089550745005113e+02
1.007477370246824044e+01,1.551258461268250066e+01,4.060503966462828629e+01,4.388237572268921838e+01,2.022428919095856372e+02
1.017400344236839516e+01,1.553838318515643202e+01,4.100932116514000114e+01,4.345229564970357927e+01,2.035574042984888479e+02
1.027321788631636146e+01,1.556192034670225688e+01,4.140671491410283522e+01,4.303136473919491323e+01,2.048529867557776356e+02
1.037241688913579019e+01,1.558329103855480824e+01,4.179742393996099281e+01,4.261928502148420961e+01,2.061301157861021522e+02
1.047160030578808509e+01,1.560258581575464731e+01,4.218164281147289785e+01,4.221577137277245839e+01,2.073892507142826389e+02
1.057076799137364453e+01,1.561989108163544060e+01,4.255955808299867016e+01,4.182055083536588569e+01,2.086308344705326476e+02
1.066991980113306226e+01,1.563528930793775729e+01,4.293134871195704250e+01,4.143336198010518956e+01,2.098552943335057535e+02
1.076905559044837979e+01,1.564885924154018682e+01,4.329718645044313519e+01,4.105395430801667800e+01,2.110630426337048675e+02
1.086817521484427651e+01,1.566067609872546562e+01,4.365723621283818545e+01,4.068208768843636136e+01,2.122544774196126696e+02
1.096727852998931141e+01,1.567081174782759767e+01,4.401165642109802434e+01,4.031753183107439042e+01,2.134299830887613041e+02
1.106636539169711675e+01,1.567933488104367790e+01,4.436059932927432925e+01,3.996006578968198397e+01,2.145899309858053527e+02
1.116543565592761844e+01,1.568631117613573345e+01,4.470421132870136205e+01,3.960947749516290628e+01,2.157346799695575328e+02
1.126448917878823330e+01,1.569180344869255350e+01,4.504263323517114515e+01,3.926556331613630135e+01,2.168645769507814407e+02
1.136352581653508942e+01,1.569587179557435341e+01,4.537600055931695664e+01,3.892812764510868817e+01,2.179799574024625883e+02
1.146254542557419498e+01,1.569857373011561918e+01,4.570444376133519171e+01,3.859698250854918200e+01,2.190811458441398258e+02
1.156154786246267641e+01,1.569996430962129175e+01,4.602808849108689060e+01,3.827194719929182298e+01,2.201684563018024789e+02
1.166053298390993120e+01,1.570009625565176314e+01,4.634705581454553425e+01,3.795284792980270794e+01,2.212421927447355756e+02
1.175950064677884832e+01,1.569902006755758350e+01,4.666146242748471451e+01,3.763951750495770199e+01,2.223026495006413654e+02
1.185845070808697876e+01,1.569678412969151893e+01,4.697142085723348259e+01,3.733179501307500203e+01,2.233501116502739876e+02
1.195738302500772221e+01,1.569343481269584117e+01,4.727703965326744395e+01,3.702952553403670777e+01,2.243848554027046873e+02
1.205629745487150828e+01,1.568901656923464571e+01,4.757842356734728639e+01,3.673255986341806079e+01,2.254071484523386175e+02
1.215519385516697248e+01,1.568357202451506538e+01,4.787567372386729403e+01,3.644075425161764059e+01,2.264172503186956646e+02
1.225407208354212685e+01,1.567714206191878290e+01,4.816888778102594415e+01,3.615397015705528361e+01,2.274154126698687435e+02
1.235293199780553763e+01,1.566976590404154734e+01,4.845816008339125602e+01,3.587207401256719663e+01,2.284018796306086188e+02
1.245177345592747642e+01,1.566148118941879019e+01,4.874358180639097071e+01,3.559493700419023554e+01,2.293768880758385933e+02
1.255059631604109782e+01,1.565232404519828435e+01,4.902524109322069990e+01,3.532243486158100865e+01,2.303406679104004127e+02
1.264940043644359058e+01,1.564232915599970042e+01,4.930322318463203146e+01,3.505444765936826457e+01,2.312934423357808100e+02
1.274818567559733395e+01,1.563152982918910361e+01,4.957761054202715201e+01,3.479085962878373550e+01,2.322354281044979700e+02
1.284695189213105238e+01,1.561995805677830162e+01,4.984848296426007863e+01,3.453155897896162685e+01,2.331668357628277590e+02
1.294569894484095762e+01,1.560764457414665607e+01,5.011591769851764155e+01,3.427643772733570415e+01,2.340878698824636501e+02
1.304442669269190347e+01,1.559461891576932580e+01,5.037998954562718978e+01,3.402539153860348620e+01,2.349987292817132527e+02
1.314313499481850833e+01,1.558090946812546740e+01,5.064077096011515522e+01,3.377831957175938271e+01,2.358996072367561396e+02
1.324182371052632057e+01,1.556654351994612107e+01,5.089833214532205830e+01,3.353512433473182597e+01,2.367906916834924687e+02
1.334049269929292691e+01,1.555154730995429446e+01,5.115274114385391613e+01,3.329571154619178941e+01,2.376721654104731556e+02
1.343914182076909114e+01,1.553594607223803870e+01,5.140406392363890120e+01,3.305999000412306543e+01,2.385442062433438934e+02
1.353777093477988558e+01,1.551976407938953351e+01,5.165236445983409652e+01,3.282787146077636464e+01,2.394069872212597545e+02
1.363637990132580491e+01,1.550302468353362251e+01,5.189770481281741610e+01,3.259927050364896672e+01,2.402606767656656928e+02
1.373496858058389058e+01,1.548575035536376632e+01,5.214014520247994966e+01,3.237410444215628758e+01,2.411054388418191934e+02
1.383353683290884284e+01,1.546796272129365235e+01,5.237974407902382978e+01,3.215229319968253208e+01,2.419414331134417182e+02
1.393208451883413623e+01,1.544968259882753614e+01,5.261655819045753191e+01,3.193375921071494616e+01,2.427688150907971192e+02
1.403061149907311567e+01,1.543093003024629262e+01,5.285064264696524106e+01,3.171842732278848231e+01,2.435877362725656496e+02
1.412911763452011371e+01,1.541172431469866666e+01,5.308205098232205899e+01,3.150622470297927435e+01,2.443983442817974208e+02
1.422760278625154307e+01,1.539208403878424569e+01,5.331083521251039770e+01,3.129708074870535839e+01,2.452007829962194592e+02
1.432606681552699257e+01,1.537202710570742070e+01,5.353704589168728489e+01,3.109092700260529440e+01,2.459951926731895071e+02
1.442450958379031789e+01,1.535157076307743473e+01,5.376073216564214619e+01,3.088769707128041730e+01,2.467817100695497174e+02
1.452293095267072864e+01,1.533073162942657142e+01,5.398194182287543441e+01,3.068732654769800305e+01,2.475604685566222258e+02
1.462133078398387909e+01,1.530952571951222296e+01,5.420072134342260739e+01,3.048975293706516609e+01,2.483315982305575176e+02
1.471970893973294281e+01,1.528796846846626245e+01,5.441711594553889597e+01,3.029491558599483625e+01,2.490952260182900773e+02
1.481806528210968033e+01,1.526607475485055687e+01,5.463116963035425044e+01,3.010275561479519624e+01,2.498514757792777630e+02
1.491639967349553331e+01,1.524385892267499720e+01,5.484292522460226849e+01,2.991321585272271832e+01,2.506004684032330374e+02
1.501471197646266909e+01,1.522133480243049242e+01,5.505242442151882898e+01,2.972624077605066617e+01,2.513423219040280117e+02
1.511300205377504824e+01,1.519851573118639010e+01,5.525970782000345594e+01,2.954177644881016462e+01,2.520771515099491751e+02
1.521126976838949929e+01,1.517541457179968845e+01,5.546481496212841478e+01,2.935977046607188257e+01,2.528050697504645825e+02
1.530951498345676676e+01,1.515204373127977888e+01,5.566778436907846839e+01,2.918017189964174918e+01,2.535261865396755070e+02
1.540773756232255565e+01,1.512841517835107652e+01,5.586865357559601364e+01,2.900293124605290274e+01,2.542406092565739186e+02
1.550593736852857951e+01,1.510454046025250285e+01,5.606745916300709354e+01,2.882800037674039828e+01,2.549484428222823453e+02
1.560411426581361738e+01,1.508043071881169084e+01,5.626423679089385388e+01,2.865533249029446239e+01,2.556497897743840895e+02
1.570226811811453338e+01,1.505609670582881066e+01,5.645902122748091045e+01,2.848488206669028244e+01,2.563447503384800825e+02
1.580039878956733723e+01,1.503154879780314346e+01,5.665184637879491447e+01,2.831660482340194207e+01,2.570334224971041408e+02
1.589850614450817368e+01,1.500679701003492283e+01,5.684274531665663233e+01,2.815045767330844484e+01,2.577159020560887939e+02
1.599659004747440605e+01,1.498185101013155496e+01,5.703175030555895830e+01,2.798639868430948141e+01,2.583922827085261247e+02
1.609465036320558085e+01,1.495672013094622521e+01,5.721889282848556491e+01,2.782438704056819745e+01,2.590626560963792144e+02
1.619268695664449353e+01,1.493141338297675169e+01,5.740420361171481289e+01,2.766438300530843364e+01,2.597271118699034673e+02
1.629069969293815845e+01,1.490593946624923838e+01,5.758771264866054906e+01,2.750634788509020368e+01,2.603857377449172645e+02
1.638868843743886927e+01,1.488030678171049459e+01,5.776944922278989480e+01,2.735024399549961061e+01,2.610386195580417734e+02
1.648665305570514406e+01,1.485452344215273968e+01,5.794944192966233487e+01,2.719603462818491835e+01,2.616858413199938127e+02
1.658459341350278393e+01,1.482859728269153621e+01,5.812771869812830516e+01,2.704368401918015863e+01,2.623274852669959500e+02
1.668250937680583235e+01,1.480253587081766753e+01,5.830430681072560617e+01,2.689315731845673341e+01,2.629636319104136533e+02
1.678040081179757337e+01,1.477634651604250138e+01,5.847923292330945344e+01,2.674442056064806295e+01,2.635943600846458139e+02
1.687826758487154066e+01,1.475003627915522841e+01,5.865252308394943981e+01,2.659744063689533178e+01,2.642197469933931870e+02
1.697610956263247317e+01,1.472361198110957403e+01,5.882420275112584562e+01,2.645218526776457679e+01,2.648398682543258928e+02
1.707392661189731342e+01,1.469708021155620159e+01,5.899429681125659641e+01,2.630862297718719489e+01,2.654547979422384287e+02
1.717171859969616676e+01,1.467044733703759896e+01,5.916282959558218124e+01,2.616672306738022158e+01,2.660646086307554015e+02
1.726948539327328902e+01,1.464371950885919382e+01,5.932982489643815427e+01,2.602645559470265724e+01,2.666693714326290774e+02
1.736722686008803862e+01,1.461690267065197446e+01,5.949530598294008144e+01,2.588779134640794410e+01,2.672691560386941774e+02
1.746494286781583938e+01,1.459000256564001496e+01,5.965929561610594334e+01,2.575070181825402926e+01,2.678640307555403410e+02
1.756263328434915749e+01,1.456302474362517252e+01,5.982181606344084912e+01,2.561515919293398369e+01,2.684540625419375033e+02
1.766029797779842170e+01,1.453597456770203422e+01,5.998288911300543447e+01,2.548113631929253131e+01,2.690393170440684116e+02
1.775793681649299316e+01,1.450885722071453188e+01,6.014253608698990661e+01,2.534860669229555441e+01,2.696198586296312101e+02
1.785554966898209628e+01,1.448167771146506588e+01,6.030077785481439179e+01,2.521754443372054055e+01,2.701957504208194791e+02
1.795313640403578148e+01,1.445444088068720312e+01,6.045763484577499014e+01,2.508792427353779786e+01,2.707670543262603360e+02
1.805069689064582761e+01,1.442715140679159624e+01,6.061312706125377758e+01,2.495972153195461019e+01,2.713338310719269089e+02
1.814823099802668338e+01,1.439981381139506489e+01,6.076727408651147044e+01,2.483291210209347000e+01,2.718961402310692392e+02
1.824573859561641953e+01,1.437243246464173829e+01,6.092009510207807921e+01,2.470747243328019138e+01,2.724540402532121561e+02
1.834321955307760277e+01,1.434501159032533302e+01,6.107160889475930077e+01,2.458337951491536799e+01,2.730075884922316050e+02
1.844067374029825146e+01,1.431755527082030888e+01,6.122183386827288132e+01,2.446061086090681158e+01,2.735568412335692301e+02
1.853810102739272025e+01,1.429006745183059301e+01,6.137078805353007027e+01,2.433914449463935625e+01,2.741018537205992516e+02
1.863550128470263090e+01,1.426255194696249617e+01,6.151848911857648261e+01,2.421895893446102477e+01,2.746426801801834472e+02
1.873287438279774619e+01,1.423501244213013806e+01,6.166495437820482550e+01,2.410003317966502578e+01,2.751793738474505631e+02
1.883022019247690437e+01,1.420745249979936098e+01,6.181020080325306765e+01,2.398234669694757670e+01,2.757119869898200477e+02
1.892753858476886819e+01,1.417987556307686781e+01,6.195424502960015190e+01,2.386587940732297497e+01,2.762405709302967693e+02
1.902482943093325574e+01,1.415228495965150657e+01,6.209710336687049903e+01,2.375061167347800151e+01,2.767651760700790078e+02
1.912209260246140019e+01,1.412468390559281417e+01,6.223879180685857193e+01,2.363652428754860324e+01,2.772858519104740935e+02
1.921932797107723090e+01,1.409707550901305417e+01,6.237932603168484746e+01,2.352359845930210014e+01,2.778026470741792764e+02
1.931653540873815800e+01,1.406946277359812036e+01,6.251872142169195712e+01,2.341181580470991364e+01,2.783156093259286763e+02
1.941371478763591796e+01,1.404184860201257123e+01,6.265699306309250005e+01,2.330115833489492871e+01,2.788247855925296221e+02
1.951086598019748664e+01,1.401423579918348317e+01,6.279415575537588268e+01,2.319160844544062883e+01,2.793302219823308405e+02
1.960798885908587152e+01,1.398662707546835726e+01,6.293022401848532610e+01,2.308314890604631486e+01,2.798319638041082271e+02
1.970508329720103546e+01,1.395902504971149227e+01,6.306521209977128706e+01,2.297576285051721712e+01,2.803300555854180516e+02
1.980214916768070310e+01,1.393143225219269432e+01,6.319913398073138922e+01,2.286943376707591113e+01,2.808245410904228265e+02
1.989918634390121710e+01,1.390385112747350149e+01,6.333200338354346570e+01,2.276414548898303281e+01,2.813154633372062676e+02
1.999619469947839079e+01,1.387628403714384540e+01,6.346383377739980602e+01,2.265988218545634680e+01,2.818028646145996277e+02
2.009317410826832884e+01,1.384873326247377889e+01,6.359463838464954932e+01,2.255662835287667889e+01,2.822867864985326491e+02
2.019012444436827991e+01,1.382120100697334131e+01,6.372443018675645021e+01,2.245436880627021026e+01,2.827672698679336349e+02
2.028704558211743603e+01,1.379368939886464673e+01,6.385322193007802838e+01,2.235308867105732489e+01,2.832443549201756809e+02
2.038393739609776389e+01,1.376620049346908559e+01,6.398102613147273132e+01,2.225277337505817599e+01,2.837180811861024381e+02
2.048079976113485046e+01,1.373873627551296295e+01,6.410785508374169694e+01,2.215340864074534366e+01,2.841884875446448859e+02
2.057763255229867028e+01,1.371129866135468411e+01,6.423372086091006850e+01,2.205498047773523140e+01,2.846556122370173512e+02
2.067443564490443109e+01,1.368388950113664748e+01,6.435863532335402226e+01,2.195747517550933736e+01,2.851194928805614381e+02
2.077120891451333762e+01,1.365651058086432634e+01,6.448261012277869497e+01,2.186087929635699467e+01,2.855801664821740928e+02
2.086795223693344070e+01,1.362916362441534979e+01,6.460565670705193497e+01,2.176517966853272057e+01,2.860376694514122278e+02
2.096466548822037979e+01,1.360185029548132896e+01,6.472778632489969652e+01,2.167036337961897985e+01,2.864920376132167235e+02
2.106134854467820716e+01,1.357457219944483384e+01,6.484901003046651624e+01,2.157641777008866768e+01,2.869433062203149234e+02
2.115800128286014825e+01,1.354733088519386719e+01,6.496933868774641496e+01,2.148333042705971963e+01,2.873915099652932668e+02
2.125462357956937964e+01,1.352012784687600977e+01,6.508878297488941200e+01,2.139108917823457645e+01,2.878366829923337491e+02
2.135121531185984267e+01,1.349296452559485893e+01,6.520735338838547079e+01,2.129968208601967206e+01,2.882788589086751472e+02
2.144777635703695040e+01,1.346584231105039642e+01,6.532506024713255499e+01,2.120909744181704326e+01,2.887180707957413688e+02
2.154430659265839409e+01,1.343876254312555396e+01,6.544191369639128197e+01,2.111932376048316229e+01,2.891543512200082660e+02
2.164080589653488929e+01,1.341172651342085231e+01,6.555792371163002485e+01,2.103034977494911217e+01,2.895877322435652559e+02
2.173727414673093605e+01,1.338473546673909986e+01,6.567310010226434258e+01,2.094216443099655933e+01,2.900182454344317762e+02
2.183371122156555089e+01,1.335779060252174055e+01,6.578745251529414872e+01,2.085475688218411250e+01,2.904459218765901483e+02
2.193011699961301986e+01,1.333089307623866659e+01,6.590099043884171692e+01,2.076811648491960938e+01,2.908707921797720815e+02
2.202649135970365890e+01,1.330404400073325810e+01,6.601372320559401885e+01,2.068223279367271772e+01,2.912928864890012619e+02
2.212283418092450660e+01,1.327724444752400856e+01,6.612565999615283374e+01,2.059709555632316835e+01,2.917122344938821925e+02
2.221914534262008800e+01,1.325049544806470081e+01,6.623680984229380897e+01,2.051269470964149377e+01,2.921288654376756426e+02
2.231542472439312519e+01,1.322379799496368413e+01,6.634718163014041181e+01,2.042902037489591294e+01,2.925428081261352986e+02
2.241167220610524780e+01,1.319715304316499704e+01,6.645678410325260188e+01,2.034606285358240996e+01,2.929540909361236345e+02
2.250788766787773199e+01,1.317056151109140316e+01,6.656562586563433115e+01,2.026381262327425503e+01,2.933627418240278644e+02
2.260407099009217546e+01,1.314402428175158377e+01,6.667371538466234426e+01,2.018226033358606486e+01,2.937687883339629593e+02
2.270022205339123289e+01,1.311754220381205016e+01,6.678106099393853867e+01,2.010139680224941472e+01,2.941722576057678111e+02
2.279634073867929445e+01,1.309111609263559295e+01,6.688767089606805882e+01,2.002121301129635711e+01,2.945731763828220551e+02
2.289242692712320704e+01,1.306474673128689901e+01,6.699355316536581029e+01,1.994170010334729781e+01,2.949715710196572331e+02
2.298848050015291733e+01,1.303843487150689384e+01,6.709871575049355386e+01,1.986284937799956296e+01,2.953674674894042482e+02
2.308450133946219651e+01,1.301218123465646670e+01,6.720316647702945545e+01,1.978465228831408496e+01,2.957608913910420370e+02
2.318048932700930820e+01,1.298598651263093373e+01,6.730691304997228031e+01,1.970710043739677886e+01,2.961518679564898093e+02
2.327644434501767989e+01,1.295985136874610610e+01,6.740996305618239148e+01,1.963018557507151129e+01,2.965404220575306340e+02
2.337236627597656380e+01,1.293377643859699511e+01,6.751232396676083169e+01,1.955389959464218919e+01,2.969265782125542046e+02
2.346825500264171183e+01,1.290776233088994118e+01,6.761400313936948692e+01,1.947823452974057545e+01,2.973103605931700599e+02
2.356411040803604351e+01,1.288180962824911369e+01,6.771500782049312761e+01,1.940318255125775693e+01,2.976917930306324251e+02
2.365993237545028194e+01,1.285591888799832461e+01,6.781534514764484811e+01,1.932873596435682728e+01,2.980708990221581871e+02
2.375572078844360391e+01,1.283009064291892010e+01,6.791502215151805899e+01,1.925488720556301914e+01,2.984477017370490444e+02
2.385147553084429362e+01,1.280432540198442126e+01,6.801404575808493291e+01,1.918162883993064227e+01,2.988222240227200359e+02
2.394719648675038570e+01,1.277862365107301024e+01,6.811242279064325089e+01,1.910895355828374420e+01,2.991944884105590745e+02
2.404288354053027277e+01,1.275298585365808890e+01,6.821015997181505952e+01,1.903685417452684447e+01,2.995645171216602307e+02
2.413853657682336618e+01,1.272741245147826206e+01,6.830726392549456705e+01,1.896532362302715669e+01,2.999323320724414543e+02
2.423415548054070712e+01,1.270190386518668646e+01,6.840374117875157367e+01,1.889435495606173987e+01,3.002979548801094438e+02
2.432974013686556702e+01,1.267646049498129024e+01,6.849959816368715337e+01,1.882394134133156527e+01,3.006614068680257787e+02
2.442529043125409416e+01,1.265108272121559807e+01,6.859484121924694477e+01,1.875407605953746781e+01,3.010227090709391859e+02
2.452080624943589626e+01,1.262577090499168442e+01,6.868947659298977726e+01,1.868475250201855076e+01,3.013818822401079274e+02
2.461628747741466583e+01,1.260052538873497063e+01,6.878351044281552618e+01,1.861596416844949431e+01,3.017389468483062842e+02
2.471173400146874854e+01,1.257534649675209693e+01,6.887694883865223971e+01,1.854770466459565625e+01,3.020939230947140004e+02
2.480714570815177211e+01,1.255023453577227244e+01,6.896979776410319118e+01,1.847996770012453993e+01,3.024468309097163115e+02
2.490252248429319692e+01,1.252518979547235567e+01,6.906206311805601672e+01,1.841274708647163294e+01,3.027976899595783493e+02
2.499786421699893424e+01,1.250021254898628342e+01,6.915375071625486214e+01,1.834603673475885088e+01,3.031465196510335431e+02
2.509317079365190395e+01,1.247530305339977907e+01,6.924486629283548211e+01,1.827983065376474059e+01,3.034933391357596406e+02
2.518844210191260657e+01,1.245046155023028689e+01,6.933541550182536639e+01,1.821412294794436448e+01,3.038381673147724769e+02
2.528367802971970590e+01,1.242568826589254805e+01,6.942540391861004423e+01,1.814890781549739884e+01,3.041810228427136167e+02
2.537887846529057256e+01,1.240098341215093924e+01,6.951483704136553854e+01,1.808417954648352577e+01,3.045219241320472179e+02
2.547404329712187021e+01,1.237634718655829325e+01,6.960372029245783665e+01,1.801993252098387188e+01,3.048608893571848171e+02
2.556917241399006002e+01,1.235177977288177864e+01,6.969205901981233353e+01,1.795616120730588605e+01,3.051979364584895507e+02
2.566426570495199400e+01,1.232728134151656896e+01,6.977985849825105902e+01,1.789286016023237735e+01,3.055330831462292167e+02
2.575932305934545496e+01,1.230285204988751246e+01,6.986712393080028960e+01,1.783002401931219083e+01,3.058663469044309977e+02
2.585434436678966108e+01,1.227849204283874940e+01,6.995386044997017905e+01,1.776764750719106445e+01,3.061977449946493266e+02
2.594932951718582004e+01,1.225420145301246144e+01,7.004007311900434729e+01,1.770572542798318949e+01,3.065272944596737830e+02
2.604427840071764777e+01,1.222998040121637686e+01,7.012576693310313658e+01,1.764425266568047235e+01,3.068550121271406965e+02
2.613919090785192623e+01,1.220582899678075783e+01,7.021094682061959702e+01,1.758322418259963982e+01,3.071809146130810859e+02
2.623406692933894746e+01,1.218174733790497122e+01,7.029561764422945203e+01,1.752263501786556787e+01,3.075050183253979412e+02
2.632890635621309627e+01,1.215773551199434266e+01,7.037978420207525687e+01,1.746248028593039692e+01,3.078273394672616519e+02
2.642370907979332983e+01,1.213379359598703111e+01,7.046345122888625667e+01,1.740275517512672110e+01,3.081478940404490459e+02
2.651847499168366085e+01,1.210992165667173381e+01,7.054662339707368801e+01,1.734345494625457462e+01,3.084666978486002336e+02
2.661320398377368690e+01,1.208611975099606006e+01,7.062930531780288845e+01,1.728457493120106037e+01,3.087837665004250312e+02
2.670789594823906299e+01,1.206238792636653301e+01,7.071150154204208604e+01,1.722611053159139161e+01,3.090991154128323046e+02
2.680255077754199178e+01,1.203872622093942901e+01,7.079321656158917619e+01,1.716805721747137881e+01,3.094127598140044029e+02
2.689716836443169967e+01,1.201513466390369800e+01,7.087445481007684123e+01,1.711041052601945012e+01,3.097247147464071304e+02
2.699174860194493775e+01,1.199161327575594882e+01,7.095522066395585625e+01,1.705316606028819493e+01,3.100349950697403756e+02
2.708629138340641518e+01,1.196816206856722253e+01,7.103551844345824406e+01,1.699631948797452807e+01,3.103436154638271205e+02
2.718079660242928597e+01,1.194478104624254122e+01,7.111535241354019377e+01,1.693986654021726324e+01,3.106505904314561803e+02
2.727526415291562500e+01,1.192147020477305297e+01,7.119472678480518368e+01,1.688380301042176157e+01,3.109559343011495685e+02
2.736969392905684373e+01,1.189822953248061843e+01,7.127364571440821805e+01,1.682812475311116529e+01,3.112596612299020649e+02
2.746408582533419462e+01,1.187505901025648392e+01,7.135211330694056642e+01,1.677282768280294789e+01,3.115617852058413746e+02
2.755843973651916201e+01,1.185195861179182764e+01,7.143013361529776262e+01,1.671790777291039731e+01,3.118623200508559421e+02
2.765275555767393101e+01,1.182892830380329663e+01,7.150771064152819179e+01,1.666336105466851691e+01,3.121612794231569978e+02
2.774703318415184228e+01,1.180596804625091245e+01,7.158484833766539168e+01,1.660918361608369764e+01,3.124586768198097388e+02
2.784127251159777572e+01,1.178307779255080234e+01,7.166155060654321574e+01,1.655537160090598903e+01,3.127545255791952172e+02
2.793547343594861232e+01,1.176025748978142360e+01,7.173782130259421308e+01,1.650192120762436332e+01,3.130488388834380657e+02
2.802963585343365338e+01,1.173750707888416933e+01,7.181366423263229137e+01,1.644882868848353397e+01,3.133416297607864180e+02
2.812375966057501131e+01,1.171482649485839289e+01,7.188908315661934978e+01,1.639609034852225378e+01,3.136329110879458995e+02
2.821784475418804661e+01,1.169221566695104642e+01,7.196408178841670633e+01,1.634370254463224015e+01,3.139226955923664377e+02
2.831189103138175511e+01,1.166967451884075757e+01,7.203866379652168916e+01,1.629166168463755682e+01,3.142109958544906476e+02
2.840589838955917656e+01,1.164720296881708528e+01,7.211283280478923530e+01,1.623996422639366699e+01,3.144978243099571387e+02
2.849986672641780316e+01,1.162480092995454939e+01,7.218659239313980436e+01,1.618860667690564270e+01,3.147831932517661926e+02
2.859379593994993485e+01,1.160246831028201164e+01,7.225994609825269777e+01,1.613758559146529237e+01,3.150671148324001933e+02
2.868768592844309850e+01,1.158020501294722315e+01,7.233289741424619024e+01,1.608689757280658128e+01,3.153496010659079616e+02
2.878153659048041746e+01,1.155801093637674448e+01,7.240544979334453046e+01,1.603653927027873038e+01,3.156306638299517431e+02
2.887534782494097740e+01,1.153588597443157227e+01,7.247760664653149831e+01,1.598650737903692942e+01,3.159103148678123603e+02
2.896911953100019943e+01,1.151383001655844396e+01,7.254937134419152756e+01,1.593679863925002493e+01,3.161885657903633842e+02
2.906285160813024149e+01,1.149184294793680472e+01,7.262074721673860722e+01,1.588740983532459161e+01,3.164654280780063118e+02
2.915654395610028260e+01,1.146992464962181479e+01,7.269173755523289060e+01,1.583833779514529105e+01,3.167409130825650436e+02
2.925019647497695630e+01,1.144807499868345246e+01,7.276234561198553763e+01,1.578957938933101879e+01,3.170150320291571688e+02
2.934380906512465970e+01,1.142629386834158467e+01,7.283257460115200388e+01,1.574113153050641856e+01,3.172877960180289847e+02
2.943738162720588747e+01,1.140458112809749736e+01,7.290242769931434452e+01,1.569299117258815457e+01,3.175592160263418577e+02
2.953091406218162263e+01,1.138293664386178428e+01,7.297190804605176595e+01,1.564515531008644444e+01,3.178293029099539240e+02
2.962440627131161364e+01,1.136136027807847348e+01,7.304101874450128662e+01,1.559762097742024345e+01,3.180980674051489814e+02
2.971785815615475812e+01,1.133985188984604164e+01,7.310976286190746976e+01,1.555038524824649038e+01,3.183655201303362787e+02
2.981126961856938351e+01,1.131841133503488983e+01,7.317814343016152634e+01,1.550344523480358205e+01,3.186316715877339334e+02
2.990464056071357746e+01,1.129703846640168585e+01,7.324616344633112419e+01,1.545679808726719529e+01,3.188965321650092051e+02
2.999797088504554665e+01,1.127573313370044694e+01,7.331382587317965260e+01,1.541044099311990934e+01,3.191601121368919962e+02
3.009126049432386196e+01,1.125449518379068259e+01,7.338113363967624991e+01,1.536437117653307105e+01,3.194224216667717542e+02
3.018450929160778529e+01,1.123332446074256552e+01,7.344808964149642350e+01,1.531858589776100565e+01,3.196834708082434986e+02
3.027771718025762482e+01,1.121222080593895853e+01,7.351469674151341849e+01,1.527308245254762120e+01,3.199432695066551560e+02
3.037088406393495532e+01,1.119118405817506989e+01,7.358095777028033524e+01,1.522785817154459487e+01,3.202018276006036785e+02
3.046400984660292011e+01,1.117021405375498233e+01,7.364687552650384816e+01,1.518291041974116595e+01,3.204591548234221250e+02
3.055709443252658630e+01,1.114931062658566496e+01,7.371245277750935543e+01,1.513823659590498849e+01,3.207152608046274054e+02
3.065013772627313671e+01,1.112847360826853915e+01,7.377769225969710476e+01,1.509383413203437208e+01,3.209701550713577944e+02
3.074313963271219308e+01,1.110770282818820398e+01,7.384259667899085855e+01,1.504970049282094458e+01,3.212238470497721323e+02
3.083610005701608614e+01,1.108699811359907450e+01,7.390716871127804666e+01,1.500583317512286996e+01,3.214763460664385661e+02
3.092901890466011139e+01,1.106635928970937854e+01,7.397141100284200377e+01,1.496222970744861591e+01,3.217276613496824780e+02
3.102189608142279909e+01,1.104578617976296151e+01,7.403532617078688816e+01,1.491888764945015566e+01,3.219778020309345266e+02
3.111473149338615585e+01,1.102527860511892044e+01,7.409891680345440079e+01,1.487580459142667522e+01,3.222267771460314520e+02
