# Well Angle,Fracture 1,Fracture 2,Fracture 3,Pressure Drop
1.003354252449484146e-01,3.355849498329394009e+01,3.307210473715929311e+01,3.336940027954675969e+01,4.723871623708786416e+01
2.006706966436306028e-01,3.295767453668013758e+01,3.305239731596235231e+01,3.398992814735751011e+01,4.728151476376834950e+01
3.010056603245632179e-01,3.236412735697305720e+01,3.301730789418004264e+01,3.461856474884689305e+01,4.730534314884709346e+01
4.013401625788883820e-01,3.177745916277237725e+01,3.296679541905172783e+01,3.525574541817588425e+01,4.731020607022401947e+01
5.006912612564722309e-01,3.120293736258765094e+01,3.290151955639123571e+01,3.589554308102111690e+01,4.729631410186902940e+01
6.005615116529761099e-01,3.063145660653112046e+01,3.282051773385906301e+01,3.654802565960980587e+01,4.726354410667095607e+01
7.004308497143204582e-01,3.006567513606421116e+01,3.272398831931182883e+01,3.721033654462397067e+01,4.721185154948310725e+01
8.002991237428552784e-01,2.950523471790283381e+01,3.261180664718638411e+01,3.788295863491078563e+01,4.714114358011163119e+01
9.001661820506275946e-01,2.894978281810247722e+01,3.248382622535050501e+01,3.856639095654701066e+01,4.705130244262184647e+01
1.000031872960765789e+00,2.839897185807853219e+01,3.233987827068182952e+01,3.926114987123963829e+01,4.694218509611772561e+01
1.100961253905949455e+00,2.784665094122757978e+01,3.217797550023141184e+01,3.997537355854100838e+01,4.681214592731365798e+01
1.200823736403118236e+00,2.730413569098745796e+01,3.200131826754664388e+01,4.069454604146590526e+01,4.666373286269215725e+01
1.300418102405262344e+00,2.676667006624953160e+01,3.180858260426774820e+01,4.142474732948272731e+01,4.649593056232009047e+01
1.400809364927726230e+00,2.622819721723892883e+01,3.159730764087672128e+01,4.217449514188433568e+01,4.630653343152489043e+01
1.500665914816155189e+00,2.569553700946859465e+01,3.136993645200308478e+01,4.293452653852833123e+01,4.609769336755220337e+01
1.600520185534808570e+00,2.516549135835393614e+01,3.112507619451498897e+01,4.370943244713106424e+01,4.586815152658408579e+01
1.700105757316529465e+00,2.463913178440455098e+01,3.086310617797022360e+01,4.449776203762522186e+01,4.561826601324985120e+01
1.800221283243522041e+00,2.411191043756502239e+01,3.058147829340850521e+01,4.530661126902648306e+01,4.534557725897257541e+01
1.899950655587020032e+00,2.358831992723270687e+01,3.028232377962154587e+01,4.612935629314574726e+01,4.505212961517159442e+01
1.999930083045492024e+00,2.306467743871532150e+01,2.996333235072157919e+01,4.697199021056309931e+01,4.473565527185552071e+01
2.099906465473766470e+00,2.254197041380535893e+01,2.962476654455652891e+01,4.783326304163812637e+01,4.439639580231608562e+01
2.199879650817317511e+00,2.201985241196446452e+01,2.926611839857016761e+01,4.871402918946537142e+01,4.403383867213848646e+01
2.299849487050810826e+00,2.149797214685716185e+01,2.888684247774297376e+01,4.961518537539987506e+01,4.364743182068503558e+01
2.399815822179489189e+00,2.097597259736831177e+01,2.848635376215370840e+01,5.053767364047797628e+01,4.323658164204924503e+01
2.499778504240557808e+00,2.045349007835844546e+01,2.806402534057851739e+01,5.148248458106302650e+01,4.280065078165824843e+01
2.599737381304565442e+00,1.993015326574885293e+01,2.761918589302053562e+01,5.245066084123061501e+01,4.233895573353965602e+01
2.699692301476790846e+00,1.940558217008911868e+01,2.715111694311559987e+01,5.344330088679528501e+01,4.185076422161300513e+01
2.799643112898621666e+00,1.887938705225758795e+01,2.665904985919151216e+01,5.446156308855090344e+01,4.133529234654506723e+01
2.899589663748938673e+00,1.835116727437757689e+01,2.614216258032312012e+01,5.550667014529929588e+01,4.079170147771130672e+01
2.999531802245492429e+00,1.782051007839120871e+01,2.559957604099437489e+01,5.657991388061440574e+01,4.021909486754239538e+01
3.099469376646286189e+00,1.728698928400799062e+01,2.503035026491255266e+01,5.768266045107944962e+01,3.961651396304780093e+01
3.199402235250955240e+00,1.675016389692695995e+01,2.443348009506275531e+01,5.881635600801028119e+01,3.898293438651911202e+01
3.299330226402140021e+00,1.620957661730942689e+01,2.380789052319853738e+01,5.998253285949203217e+01,3.831726155429791447e+01
3.399253198486867245e+00,1.566475223743694833e+01,2.315243157756627568e+01,6.118281618499676000e+01,3.761832589904034307e+01
3.499170999937923909e+00,1.511519591631678416e+01,2.246587272268737578e+01,6.241893136099585604e+01,3.688487765697312426e+01
3.599083479235231753e+00,1.456039131767205497e+01,2.174689671939082203e+01,6.369271196293713189e+01,3.611558117732562323e+01
3.698990484907222154e+00,1.399979859625715761e+01,2.099409288690008779e+01,6.500610851684275815e+01,3.530900870619704079e+01
3.798891865532205259e+00,1.343285221575449739e+01,2.020594970152187386e+01,6.636119808272363230e+01,3.446363359164722340e+01
3.898787469739746658e+00,1.285895857959984667e+01,1.938084665822801966e+01,6.776019476217213366e+01,3.357782285062729244e+01
3.998677146212032518e+00,1.227749345393014480e+01,1.851704531201880499e+01,6.920546123405105732e+01,3.264982903143692283e+01
4.098560743685243146e+00,1.168779915941325953e+01,1.761267940522625608e+01,7.069952143536049505e+01,3.167778129761358485e+01
4.198438110950915458e+00,1.108918150596343821e+01,1.666574397465708302e+01,7.224507451937948588e+01,3.065967565036181952e+01
4.298309096857314771e+00,1.048090644122938286e+01,1.567408331845128799e+01,7.384501024031933980e+01,2.959336419677146068e+01
4.398173550310795044e+00,9.862196380213292812e+00,1.463537768646353499e+01,7.550242593332316687e+01,2.847654335994563723e+01
4.498031320277168454e+00,9.232226179382729825e+00,1.354712853953758867e+01,7.722064528107968329e+01,2.730674091462421060e+01
4.597882255783063421e+00,8.590118714110769105e+00,1.240664220186816635e+01,7.900323908402107520e+01,2.608130171777539630e+01
4.697726205917286180e+00,7.934940013152383287e+00,1.121101170627830079e+01,8.085404828056933013e+01,2.479737198773462836e+01
4.797563019832182363e+00,7.265693898057898004e+00,9.957096604180257771e+00,8.277720949776184511e+01,2.345188196758713417e+01
4.897392546744996800e+00,6.581316068847768541e+00,8.641500479629188547e+00,8.477718345152304380e+01,2.204152678838529411e+01
4.997214635939223548e+00,5.880667569831347308e+00,7.260545869518509221e+00,8.685878656065014525e+01,2.056274532519222120e+01
5.097029136765969248e+00,5.162527561038246837e+00,5.810246248793041524e+00,8.902722619016870453e+01,1.901169681364759967e+01
5.196835898645304042e+00,4.425585311229206731e+00,4.286274689611142108e+00,9.128813999915965383e+01,1.738423496645566857e+01
5.296634771067609826e+00,3.668431317744214049e+00,2.683928745569605923e+00,9.364763993668618980e+01,1.567587929760941279e+01
5.396425603594937392e+00,3.980768381493383856e+00,3.462026322038944226e+00,9.255720529646768568e+01,1.651655466575677167e+01
5.496208245862351127e+00,4.637365706611493721e+00,5.033550376197830190e+00,9.032908391719067254e+01,1.821293347580863653e+01
5.595982547579276378e+00,5.252585702119240807e+00,6.533572591640646188e+00,8.821384170624010324e+01,1.983968541939788111e+01
5.695748358530851263e+00,5.829561391675674997e+00,7.967283730725887914e+00,8.620315487759843620e+01,2.140145288939672596e+01
5.795505528579258936e+00,6.371134374731419747e+00,9.339384536107624868e+00,8.428948108916095805e+01,2.290247545177953725e+01
5.895253907665082949e+00,6.879886794929366722e+00,1.065414107020963641e+01,8.246597213486100486e+01,2.434663129245600643e+01
5.994993345808638630e+00,7.358169324034800951e+00,1.191543290652503551e+01,8.072639776944016887e+01,2.573747386816967975e+01
6.094723693111312457e+00,7.808125708881847871e+00,1.312679519761235092e+01,7.906507909350580121e+01,2.707826436020697258e+01
6.194444799756905873e+00,8.231714348034016027e+00,1.429145548528654430e+01,7.747683016667944855e+01,2.837200045253770142e+01
6.294156516012963110e+00,8.630727296535729565e+00,1.541236598547244796e+01,7.595690671799182780e+01,2.962144188848844806e+01
6.393858692232106122e+00,9.006807039333978082e+00,1.649223196896580390e+01,7.450096099170021091e+01,3.082913320104138322e+01
6.493551178853365968e+00,9.361461325017552682e+00,1.753353676619325441e+01,7.310500190878920534e+01,3.199742396056174698e+01
6.593233826403512410e+00,9.696076310052802683e+00,1.853856384588636530e+01,7.176535984406082491e+01,3.312848683920457660e+01
6.692906485498384406e+00,1.001192822851057329e+01,1.950941635185416345e+01,7.047865541963525970e+01,3.422433375264167665e+01
6.792569006844207280e+00,1.031019377238298596e+01,2.044803442664909809e+01,6.924177180096791062e+01,3.528683030626978478e+01
6.892221241238922325e+00,1.059195934215045121e+01,2.135621060415384775e+01,6.805183005369569571e+01,3.631770874410030103e+01
6.991863039573508409e+00,1.085822930557646870e+01,2.223560351353930997e+01,6.690616718088422488e+01,3.731857957342810295e+01
7.091494252833295597e+00,1.110993338419678089e+01,2.308775010348095336e+01,6.580231651232224976e+01,3.829094201662972097e+01
7.191114732099286755e+00,1.134793327113939121e+01,2.391407656699821160e+01,6.473799016186239896e+01,3.923619342261982013e+01
7.290724328549469391e+00,1.157302857034709476e+01,2.471590812298437356e+01,6.371106330666852813e+01,4.015563775409685121e+01
7.390322893460136378e+00,1.178596213563437622e+01,2.549447778975804013e+01,6.271956007460759253e+01,4.105049325256906911e+01
7.489910278207176475e+00,1.198742487799989931e+01,2.625093426822945375e+01,6.176164085377065049e+01,4.192189937079017170e+01
7.589486334267411038e+00,1.217806010099431191e+01,2.698634903706928867e+01,6.083559086193639587e+01,4.277092305148616447e+01
7.689050913219872108e+00,1.235846741650049552e+01,2.770172274920606625e+01,5.993980983429344178e+01,4.359856442193905934e+01
7.788603866747125792e+00,1.252920628685158455e+01,2.839799100773712937e+01,5.907280270541128431e+01,4.440576196581641000e+01
7.888145046636561020e+00,1.269079923363991469e+01,2.907602958964056583e+01,5.823317117671950882e+01,4.519339722651113789e+01
7.987674304781701373e+00,1.284373474873438425e+01,2.973665917729685404e+01,5.741960607396875105e+01,4.596229909006394365e+01
8.087191493183485846e+00,1.298846993882294143e+01,3.038064965057133904e+01,5.663088041060573374e+01,4.671324769023767942e+01
8.186696463951571801e+00,1.312543293113725973e+01,3.100872398591441481e+01,5.586584308294831658e+01,4.744697797357427049e+01
8.286189069305631705e+00,1.325502506482523302e+01,3.162156180346396539e+01,5.512341313171081936e+01,4.816418295806109739e+01
8.385669161576629449e+00,1.337762288964857760e+01,3.221980259836846017e+01,5.440257451198296224e+01,4.886551671531921670e+01
8.485136593208121525e+00,1.349357999124293706e+01,3.280404868839276133e+01,5.370237132036430694e+01,4.955159710301715137e+01
8.584591216757525345e+00,1.360322866003779119e+01,3.337486790623452038e+01,5.302190343372766534e+01,5.022300827131576284e+01
8.684032884897414206e+00,1.370688141905553792e+01,3.393279606179822849e+01,5.236032251914623714e+01,5.088030296464197022e+01
8.783461450416796268e+00,1.380483242415777845e+01,3.447833919688360993e+01,5.171682837895860274e+01,5.152400463785790663e+01
8.882876766222377540e+00,1.389735874885028899e+01,3.501197565229532671e+01,5.109066559885439318e+01,5.215460940388873468e+01
8.982278685339849744e+00,1.398472156447610004e+01,3.553415796522229186e+01,5.048112047030161165e+01,5.277258782814830340e+01
9.081667060915158629e+00,1.406716722549101206e+01,3.604531461283647786e+01,4.988751816167251008e+01,5.337838658354340993e+01
9.181041746215761634e+00,1.414492826851235030e+01,3.654585161638117796e+01,4.930922011510646996e+01,5.397242997841695455e+01
9.280402594631913971e+00,1.421822433294339305e+01,3.703615401853774358e+01,4.874562164851886337e+01,5.455512136862842709e+01
9.379749459677913848e+00,1.428726301018550515e+01,3.751658724554332025e+01,4.819614974427117460e+01,5.512684446379814318e+01
9.479082194993370791e+00,1.435224062775018261e+01,3.798749836436974903e+01,4.766026100788006659e+01,5.568796453683033576e+01
9.578400654344461529e+00,1.441334297395781761e+01,3.844921724423954856e+01,4.713743978180263383e+01,5.623882954490933628e+01
9.677704691625187650e+00,1.447074596835529192e+01,3.890205763083334034e+01,4.662719640081137129e+01,5.677977116940191138e+01
9.776994160858622607e+00,1.452461628248743786e+01,3.934631814072535150e+01,4.612906557678721242e+01,5.731110578141210254e+01
9.876268916198162273e+00,1.457511191521493821e+01,3.978228318285317755e+01,4.564260490193188247e+01,5.783313533908092552e+01
9.975528811928775497e+00,1.462238272637404179e+01,4.021022381317516192e+01,4.516739346045078918e+01,5.834614822217853458e+01
1.007477370246824044e+01,1.466657093221888708e+01,4.063039852808660868e+01,4.470303053969450957e+01,5.885042000902424064e+01
1.017400344236839516e+01,1.470781156576892990e+01,4.104305400164209772e+01,4.424913443258897416e+01,5.934621420032886618e+01
1.027321788631636146e+01,1.474623290489767413e+01,4.144842577116531857e+01,4.380534132393701441e+01,5.983378289411804474e+01
1.037241688913579019e+01,1.478195687074181031e+01,4.184673887540723314e+01,4.337130425385094412e+01,6.031336741555597314e+01
1.047160030578808509e+01,1.481509939877958004e+01,4.223820844903467986e+01,4.294669215218574010e+01,6.078519890513405954e+01
1.057076799137364453e+01,1.484577078471727063e+01,4.262304027689391006e+01,4.253118893838882286e+01,6.124949886840416724e+01
1.066991980113306226e+01,1.487407600713679656e+01,4.300143131118676365e+01,4.212449268167644334e+01,6.170647969014283518e+01
1.076905559044837979e+01,1.490011502868536830e+01,4.337357015442144359e+01,4.172631481689318633e+01,6.215634511561931674e+01
1.086817521484427651e+01,1.492398307743721730e+01,4.373963751075199013e+01,4.133637941181079611e+01,6.259929070138588969e+01
1.096727852998931141e+01,1.494577090991674773e+01,4.409980660809317499e+01,4.095442248199007906e+01,6.303550423781600642e+01
1.106636539169711675e+01,1.496556505714762508e+01,4.445424359319877539e+01,4.058019134965359598e+01,6.346516614544763257e+01
1.116543565592761844e+01,1.498344805497868393e+01,4.480310790170041457e+01,4.021344404332089795e+01,6.388844984700475038e+01
1.126448917878823330e+01,1.499949865983309927e+01,4.514655260494379263e+01,3.985394873522310633e+01,6.430552211681923325e+01
1.136352581653508942e+01,1.501379205093413205e+01,4.548472473530284788e+01,3.950148321376301652e+01,6.471654340924290238e+01
1.146254542557419498e+01,1.502640001997539798e+01,4.581776559151678185e+01,3.915583438850781306e+01,6.512166816751279441e+01
1.156154786246267641e+01,1.503739114912472097e+01,4.614581102546975444e+01,3.881679782540551571e+01,6.552104511442695411e+01
1.166053298390993120e+01,1.504683097818172755e+01,4.646899171171827447e+01,3.848417731010000864e+01,6.591481752604964583e+01
1.175950064677884832e+01,1.505478216164236827e+01,4.678743340096837500e+01,3.815778443738926029e+01,6.630312348961909663e+01
1.185845070808697876e+01,1.506130461636711537e+01,4.710125715860917239e+01,3.783743822502371046e+01,6.668609614669070140e+01
1.195738302500772221e+01,1.506645566049334484e+01,4.741057958932539407e+01,3.752296475018126642e+01,6.706386392252443329e+01
1.205629745487150828e+01,1.507029014418526636e+01,4.771551304872815535e+01,3.721419680708658007e+01,6.743655074259316962e+01
1.215519385516697248e+01,1.507286057276800761e+01,4.801616584287592104e+01,3.691097358435606424e+01,6.780427623706773943e+01
1.225407208354212685e+01,1.507421722275255860e+01,4.831264241648975855e+01,3.661314036075768286e+01,6.816715593404708784e+01
1.235293199780553763e+01,1.507440825121959271e+01,4.860504353060491667e+01,3.632054821817548884e+01,6.852530144225978859e+01
1.245177345592747642e+01,1.507347979899602919e+01,4.889346643034789253e+01,3.603305377065608894e+01,6.887882062389260795e+01
1.255059631604109782e+01,1.507147608802562821e+01,4.917800500347744475e+01,3.575051890849693592e+01,6.922781775818624794e+01
1.264940043644359058e+01,1.506843951330734477e+01,4.945874993027786815e+01,3.547281055641479242e+01,6.957239369634504556e+01
1.274818567559733395e+01,1.506441072974576656e+01,4.973578882535549184e+01,3.519980044489874871e+01,6.991264600832646181e+01
1.284695189213105238e+01,1.505942873423582817e+01,5.000920637184479745e+01,3.493136489391938682e+01,7.024866912198505986e+01
1.294569894484095762e+01,1.505353094327908181e+01,5.027908444849825997e+01,3.466738460822266177e+01,7.058055445503867986e+01
1.304442669269190347e+01,1.504675326640981048e+01,5.054550225009732856e+01,3.440774448349285564e+01,7.090839054030163879e+01
1.314313499481850833e+01,1.503913017568754640e+01,5.080853640159580209e+01,3.415233342271665151e+01,7.123226314456724140e+01
1.324182371052632057e+01,1.503069477149779054e+01,5.106826106637153373e+01,3.390104416213067395e+01,7.155225538152852494e+01
1.334049269929292691e+01,1.502147884488251250e+01,5.132474804894501119e+01,3.365377310617247275e+01,7.186844781907709034e+01
1.343914182076909114e+01,1.501151293661083841e+01,5.157806689249113674e+01,3.341042017089802840e+01,7.218091858131437277e+01
1.353777093477988558e+01,1.500082639318295818e+01,5.182828497145274582e+01,3.317088863536428534e+01,7.248974344557657901e+01
1.363637990132580491e+01,1.498944741994860408e+01,5.207546757954416705e+01,3.293508500050722887e+01,7.279499593475340191e+01
1.373496858058389058e+01,1.497740313151017766e+01,5.231967801341029656e+01,3.270291885507953111e+01,7.309674740517628777e+01
1.383353683290884284e+01,1.496471959956772757e+01,5.256097765219289641e+01,3.247430274823937424e+01,7.339506713031919105e+01
1.393208451883413623e+01,1.495142189835405233e+01,5.279942603323769390e+01,3.224915206840824311e+01,7.369002238054333986e+01
1.403061149907311567e+01,1.493753414779802924e+01,5.303508092416004871e+01,3.202738492804192560e+01,7.398167849911538951e+01
1.412911763452011371e+01,1.492307955454514889e+01,5.326799839147491156e+01,3.180892205397994488e+01,7.427009897467959831e+01
1.422760278625154307e+01,1.490808045095647394e+01,5.349823286598154226e+01,3.159368668306198913e+01,7.455534551041566260e+01
1.432606681552699257e+01,1.489255833219956315e+01,5.372583720508284699e+01,3.138160446271758985e+01,7.483747809001583562e+01
1.442450958379031789e+01,1.487653389153714656e+01,5.395086275220722882e+01,3.117260335625562462e+01,7.511655504069138090e+01
1.452293095267072864e+01,1.486002705391302392e+01,5.417335939349070628e+01,3.096661355259626802e+01,7.539263309333168195e+01
1.462133078398387909e+01,1.484305700792925009e+01,5.439337561186673753e+01,3.076356738020401949e+01,7.566576744000433052e+01
1.471970893973294281e+01,1.482564223630139999e+01,5.461095853870276073e+01,3.056339922499583395e+01,7.593601178888786762e+01
1.481806528210968033e+01,1.480780054487462749e+01,5.482615400311408393e+01,3.036604545201129213e+01,7.620341841682264317e+01
1.491639967349553331e+01,1.478954909027777909e+01,5.503900657907655614e+01,3.017144433064567366e+01,7.646803821955312230e+01
1.501471197646266909e+01,1.477090440628792223e+01,5.524955963045411522e+01,2.997953596325796966e+01,7.672992075981963467e+01
1.511300205377504824e+01,1.475188242897385038e+01,5.545785535404900202e+01,2.979026221697714405e+01,7.698911431338187583e+01
1.521126976838949929e+01,1.473249852068241950e+01,5.566393482077621968e+01,2.960356665854136438e+01,7.724566591309026364e+01
1.530951498345676676e+01,1.471276749292864316e+01,5.586783801505826830e+01,2.941939449201309031e+01,7.749962139110131432e+01
1.540773756232255565e+01,1.469270362824559228e+01,5.606960387253088385e+01,2.923769249922352742e+01,7.775102541932629663e+01
1.550593736852857951e+01,1.467232070104878616e+01,5.626927031614356167e+01,2.905840898280766993e+01,7.799992154820203893e+01
1.560411426581361738e+01,1.465163199756437074e+01,5.646687429073681130e+01,2.888149371169881263e+01,7.824635224386861410e+01
1.570226811811453338e+01,1.463065033486947186e+01,5.666245179616969097e+01,2.870689786896084428e+01,7.849035892382264024e+01
1.580039878956733723e+01,1.460938807908932802e+01,5.685603791907067972e+01,2.853457400183998516e+01,7.873198199112849238e+01
1.589850614450817368e+01,1.458785716279333755e+01,5.704766686327820935e+01,2.836447597392844955e+01,7.897126086725128857e+01
1.599659004747440605e+01,1.456606910163002233e+01,5.723737197903476925e+01,2.819655891933519598e+01,7.920823402358014675e+01
1.609465036320558085e+01,1.454403501023898926e+01,5.742518579099408527e+01,2.803077919876692903e+01,7.944293901169727690e+01
1.619268695664449353e+01,1.452176561747495143e+01,5.761114002509894050e+01,2.786709435742611518e+01,7.967541249246610846e+01
1.629069969293815845e+01,1.449927128097744067e+01,5.779526563438287212e+01,2.770546308463967478e+01,7.990569026397116659e+01
1.638868843743886927e+01,1.447656200111884850e+01,5.797759282374568102e+01,2.754584517513546515e+01,8.013380728837947231e+01
1.648665305570514406e+01,1.445364743435957600e+01,5.815815107375266990e+01,2.738820149188773811e+01,8.035979771777442693e+01
1.658459341350278393e+01,1.443053690603969486e+01,5.833696916350054096e+01,2.723249393045976774e+01,8.058369491898879744e+01
1.668250937680583235e+01,1.440723942263385737e+01,5.851407519259497292e+01,2.707868538477116616e+01,8.080553149751136743e+01
1.678040081179757337e+01,1.438376368349423018e+01,5.868949660228002330e+01,2.692673971422574652e+01,8.102533932047910525e+01
1.687826758487154066e+01,1.436011809210683232e+01,5.886326019575691504e+01,2.677662171213625442e+01,8.124314953882014834e+01
1.697610956263247317e+01,1.433631076688258688e+01,5.903539215773076876e+01,2.662829707538664081e+01,8.145899260856680257e+01
1.707392661189731342e+01,1.431234955150609522e+01,5.920591807321803657e+01,2.648173237527586110e+01,8.167289831138945999e+01
1.717171859969616676e+01,1.428824202486197237e+01,5.937486294564874356e+01,2.633689502948928762e+01,8.188489577437404421e+01
1.726948539327328902e+01,1.426399551055775028e+01,5.954225121429477241e+01,2.619375327514747553e+01,8.209501348908081297e+01
1.736722686008803862e+01,1.423961708606315213e+01,5.970810677105266961e+01,2.605227614288417826e+01,8.230327932991710327e+01
1.746494286781583938e+01,1.421511359148166420e+01,5.987245297661080201e+01,2.591243343190753734e+01,8.250972057185286701e+01
1.756263328434915749e+01,1.419049163797212110e+01,6.003531267602597410e+01,2.577419568600191013e+01,8.271436390750098155e+01
1.766029797779842170e+01,1.416575761583559157e+01,6.019670821373664182e+01,2.563753417042776661e+01,8.291723546359180830e+01
1.775793681649299316e+01,1.414091770228256628e+01,6.035666144803496280e+01,2.550242084968246203e+01,8.311836081688252875e+01
1.785554966898209628e+01,1.411597786889477746e+01,6.051519376502253778e+01,2.536882836608269542e+01,8.331776500949492004e+01
1.795313640403578148e+01,1.409094388879525184e+01,6.067232609206999427e+01,2.523673001913475034e+01,8.351547256372732875e+01
1.805069689064582761e+01,1.406582134353917901e+01,6.082807891080258855e+01,2.510609974565822711e+01,8.371150749636377952e+01
1.814823099802668338e+01,1.404061562973765653e+01,6.098247226963129464e+01,2.497691210063103640e+01,8.390589333248571791e+01
1.824573859561641953e+01,1.401533196542679249e+01,6.113552579584684565e+01,2.484914223872635830e+01,8.409865311881726768e+01
1.834321955307760277e+01,1.398997539619227481e+01,6.128725870729704184e+01,2.472276589651068690e+01,8.428980943661740355e+01
1.844067374029825146e+01,1.396455080106007429e+01,6.143768982366268716e+01,2.459775937527723499e+01,8.447938441415034561e+01
1.853810102739272025e+01,1.393906289816411714e+01,6.158683757734859654e+01,2.447409952448727921e+01,8.466739973872523706e+01
1.863550128470263090e+01,1.391351625019910720e+01,6.173472002400652769e+01,2.435176372579437043e+01,8.485387666834840559e+01
1.873287438279774619e+01,1.388791526966881840e+01,6.188135485270302638e+01,2.423072987762814634e+01,8.503883604299318222e+01
1.883022019247690437e+01,1.386226422393768765e+01,6.202675939574741903e+01,2.411097638031488444e+01,8.522229829549253566e+01
1.892753858476886819e+01,1.383656724009445860e+01,6.217095063819343181e+01,2.399248212171211492e+01,8.540428346208632604e+01
1.902482943093325574e+01,1.381082830963534569e+01,6.231394522702699845e+01,2.387522646333765408e+01,8.558481119262783920e+01
1.912209260246140019e+01,1.378505129297444753e+01,6.245575948005235034e+01,2.375918922697320568e+01,8.576390076045683486e+01
1.921932797107723090e+01,1.375923992378839422e+01,6.259640939448889441e+01,2.364435068172271315e+01,8.594157107196727452e+01
1.931653540873815800e+01,1.373339781320226116e+01,6.273591065528910349e+01,2.353069153150864068e+01,8.611784067586881974e+01
1.941371478763591796e+01,1.370752845382301821e+01,6.287427864318885185e+01,2.341819290298813527e+01,8.629272777215052770e+01
1.951086598019748664e+01,1.368163522362675621e+01,6.301152844250038498e+01,2.330683633387286946e+01,8.646625022077330414e+01
1.960798885908587152e+01,1.365572138970585847e+01,6.314767484865675584e+01,2.319660376163737681e+01,8.663842555009229329e+01
1.970508329720103546e+01,1.362979011188124900e+01,6.328273237551912445e+01,2.308747751259962300e+01,8.680927096501442009e+01
1.980214916768070310e+01,1.360384444618576971e+01,6.341671526245310275e+01,2.297944029136112221e+01,8.697880335490305015e+01
1.989918634390121710e+01,1.357788734822334398e+01,6.354963748118559153e+01,2.287247517059105562e+01,8.714703930125271825e+01
1.999619469947839079e+01,1.355192167640903200e+01,6.368151274244778648e+01,2.276656558114317619e+01,8.731399508512140528e+01
2.009317410826832884e+01,1.352595019509470120e+01,6.381235450241390339e+01,2.266169530249140962e+01,8.747968669434592925e+01
2.019012444436827991e+01,1.349997557758492128e+01,6.394217596894256417e+01,2.255784845347251988e+01,8.764412983053084361e+01
2.028704558211743603e+01,1.347400040904703999e+01,6.407099010762760827e+01,2.245500948332535529e+01,8.780733991584487796e+01
2.038393739609776389e+01,1.344802718931986618e+01,6.419880964766629461e+01,2.235316316301383210e+01,8.796933209959827593e+01
2.048079976113485046e+01,1.342205833562490547e+01,6.432564708755022309e+01,2.225229457682486967e+01,8.813012126464478513e+01
2.057763255229867028e+01,1.339609618518380962e+01,6.445151470058608822e+01,2.215238911423009327e+01,8.828972203358280524e+01
2.067443564490443109e+01,1.337014299774555681e+01,6.457642454025229029e+01,2.205343246200214935e+01,8.844814877478152937e+01
2.077120891451333762e+01,1.334420095802696871e+01,6.470038844539706702e+01,2.195541059657595895e+01,8.860541560823287455e+01
2.086795223693344070e+01,1.331827217806996266e+01,6.482341804528387286e+01,2.185830977664616626e+01,8.876153641123838156e+01
2.096466548822037979e+01,1.329235869951823545e+01,6.494552476448866685e+01,2.176211653599309415e+01,8.891652482392302659e+01
2.106134854467820716e+01,1.326646249581722792e+01,6.506671982765570306e+01,2.166681767652705659e+01,8.907039425460628479e+01
2.115800128286014825e+01,1.324058547433927480e+01,6.518701426411497835e+01,2.157240026154575929e+01,8.922315788501315126e+01
2.125462357956937964e+01,1.321472947843758483e+01,6.530641891236781760e+01,2.147885160919461711e+01,8.937482867533762487e+01
2.135121531185984267e+01,1.318889628943131243e+01,6.542494442444350966e+01,2.138615928612517436e+01,8.952541936917103271e+01
2.144777635703695040e+01,1.316308762852411185e+01,6.554260127013287729e+01,2.129431110134301619e+01,8.967494249829022124e+01
2.154430659265839409e+01,1.313730515865929505e+01,6.565939974110126798e+01,2.120329510023944053e+01,8.982341038731281913e+01
2.164080589653488929e+01,1.311155048631299813e+01,6.577534995488716163e+01,2.111309955879982425e+01,8.997083515822230027e+01
2.173727414673093605e+01,1.308582516322843503e+01,6.589046185878821404e+01,2.102371297798334737e+01,9.011722873477592088e+01
2.183371122156555089e+01,1.306013068809291688e+01,6.600474523363948265e+01,2.093512407826760224e+01,9.026260284679199231e+01
2.193011699961301986e+01,1.303446850816011882e+01,6.611820969748723087e+01,2.084732179435264143e+01,9.040696903431619091e+01
2.202649135970365890e+01,1.300884002081895652e+01,6.623086470916237545e+01,2.076029527001866626e+01,9.055033865167447971e+01
2.212283418092450660e+01,1.298324657511181179e+01,6.634271957175505463e+01,2.067403385313314601e+01,9.069272287143080291e+01
2.221914534262008800e+01,1.295768947320296327e+01,6.645378343599593052e+01,2.058852709080112220e+01,9.083413268822489783e+01
2.231542472439312519e+01,1.293216997180013905e+01,6.656406530354536244e+01,2.050376472465450561e+01,9.097457892251620137e+01
2.241167220610524780e+01,1.290668928352982370e+01,6.667357403019462936e+01,2.041973668627556293e+01,9.111407222422967322e+01
2.250788766787773199e+01,1.288124857826847069e+01,6.678231832898077869e+01,2.033643309275073818e+01,9.125262307630150360e+01
2.260407099009217546e+01,1.285584898443125290e+01,6.689030677321964902e+01,2.025384424234911052e+01,9.139024179813957005e+01
2.270022205339123289e+01,1.283049159021960861e+01,6.699754779945766359e+01,2.017196061032274201e+01,9.152693854898546988e+01
2.279634073867929445e+01,1.280517744482892262e+01,6.710404971034648725e+01,2.009077284482458481e+01,9.166272333119884763e+01
2.289242692712320704e+01,1.277990755961840286e+01,6.720982067744230903e+01,2.001027176293928989e+01,9.179760599345185312e+01
2.298848050015291733e+01,1.275468290924343684e+01,6.731486874393210940e+01,1.993044834682446265e+01,9.193159623384877932e+01
2.308450133946219651e+01,1.272950443275269095e+01,6.741920182728929944e+01,1.985129373995800961e+01,9.206470360295513444e+01
2.318048932700930820e+01,1.270437303465069334e+01,6.752282772186096338e+01,1.977279924348832552e+01,9.219693750676111677e+01
2.327644434501767989e+01,1.267928958592694144e+01,6.762575410138892096e+01,1.969495631268413760e+01,9.232830720956965820e+01
2.337236627597656380e+01,1.265425492505309535e+01,6.772798852146610216e+01,1.961775655348079184e+01,9.245882183680382127e+01
2.346825500264171183e+01,1.262926985894929288e+01,6.782953842193067828e+01,1.954119171912002528e+01,9.258849037775755164e+01
2.356411040803604351e+01,1.260433516392012443e+01,6.793041112920010960e+01,1.946525370687977130e+01,9.271732168826309817e+01
2.365993237545028194e+01,1.257945158656189300e+01,6.803061385854610421e+01,1.938993455489199746e+01,9.284532449331216242e+01
2.375572078844360391e+01,1.255461984464209202e+01,6.813015371631280459e+01,1.931522643904508740e+01,9.297250738959365890e+01
2.385147553084429362e+01,1.252984062795142250e+01,6.822903770208010599e+01,1.924112166996845730e+01,9.309887884798074253e+01
2.394719648675038570e+01,1.250511459912999079e+01,6.832727271077307307e+01,1.916761269009693791e+01,9.322444721595414308e+01
2.404288354053027277e+01,1.248044239446832648e+01,6.842486553471931643e+01,1.909469207081235353e+01,9.334922071997462467e+01
2.413853657682336618e+01,1.245582462468368590e+01,6.852182286565671632e+01,1.902235250965958357e+01,9.347320746778149214e+01
2.423415548054070712e+01,1.243126187567304086e+01,6.861815129669132318e+01,1.895058682763563596e+01,9.359641545065753121e+01
2.432974013686556702e+01,1.240675470924321644e+01,6.871385732420813497e+01,1.887938796654863083e+01,9.371885254562049283e+01
2.442529043125409416e+01,1.238230366381887926e+01,6.880894734973576021e+01,1.880874898644536586e+01,9.384052651758275942e+01
2.452080624943589626e+01,1.235790925512915983e+01,6.890342768176620325e+01,1.873866306310464225e+01,9.396144502143744148e+01
2.461628747741466583e+01,1.233357197687372775e+01,6.899730453753140580e+01,1.866912348559488066e+01,9.408161560411529933e+01
2.471173400146874854e+01,1.230929230136906050e+01,6.909058404473685755e+01,1.860012365389408018e+01,9.420104570658774890e+01
2.480714570815177211e+01,1.228507068017489345e+01,6.918327224325517477e+01,1.853165707656993533e+01,9.431974266581406141e+01
2.490252248429319692e+01,1.226090754470259903e+01,6.927537508677860956e+01,1.846371736851878964e+01,9.443771371666218784e+01
2.499786421699893424e+01,1.223680330680517514e+01,6.936689844443372976e+01,1.839629824876108088e+01,9.455496599376637334e+01
2.509317079365190395e+01,1.221275835934946841e+01,6.945784810235807072e+01,1.832939353829245022e+01,9.467150653335330901e+01
2.518844210191260657e+01,1.218877307677219335e+01,6.954822976523988132e+01,1.826299715798792889e+01,9.478734227502796728e+01
2.528367802971970590e+01,1.216484781561866235e+01,6.963804905782285459e+01,1.819710312655847773e+01,9.490248006351167476e+01
2.537887846529057256e+01,1.214098291506638105e+01,6.972731152637582852e+01,1.813170555855777977e+01,9.501692665034632057e+01
2.547404329712187021e+01,1.211717869743282705e+01,6.981602264012862236e+01,1.806679866243853994e+01,9.513068869555682738e+01
2.556917241399006002e+01,1.209343546866861452e+01,6.990418779267582750e+01,1.800237673865556332e+01,9.524377276928457547e+01
2.566426570495199400e+01,1.206975351883594350e+01,6.999181230334812653e+01,1.793843417781592464e+01,9.535618535337255253e+01
2.575932305934545496e+01,1.204613312257347957e+01,7.007890141855283161e+01,1.787496545887368526e+01,9.546793284292428439e+01
2.585434436678966108e+01,1.202257453954741528e+01,7.016546031308422471e+01,1.781196514736836534e+01,9.557902154782523496e+01
2.594932951718582004e+01,1.199907801488945225e+01,7.025149409140476564e+01,1.774942789370578922e+01,9.568945769423088166e+01
2.604427840071764777e+01,1.197564377962232385e+01,7.033700778889749472e+01,1.768734843148018143e+01,9.579924742602386800e+01
2.613919090785192623e+01,1.195227205107271296e+01,7.042200637309089473e+01,1.762572157583639054e+01,9.590839680623888341e+01
2.623406692933894746e+01,1.192896303327262508e+01,7.050649474485622648e+01,1.756454222187113601e+01,9.601691181845711753e+01
2.632890635621309627e+01,1.190571691734873205e+01,7.059047773957935590e+01,1.750380534307190317e+01,9.612479836816407897e+01
2.642370907979332983e+01,1.188253388190100779e+01,7.067396012830623420e+01,1.744350598979275802e+01,9.623206228409551954e+01
2.651847499168366085e+01,1.185941409337027963e+01,7.075694661886350900e+01,1.738363928776619716e+01,9.633870931952988315e+01
2.661320398377368690e+01,1.183635770639524587e+01,7.083944185695526130e+01,1.732420043664949105e+01,9.644474515357953237e+01
2.670789594823906299e+01,1.181336486415939646e+01,7.092145042723558390e+01,1.726518470860499832e+01,9.655017539243037561e+01
2.680255077754199178e+01,1.179043569872804476e+01,7.100297685435820938e+01,1.720658744691374764e+01,9.665500557057846720e+01
2.689716836443169967e+01,1.176757033137560526e+01,7.108402560400402592e+01,1.714840406462035460e+01,9.675924115202043652e+01
2.699174860194493775e+01,1.174476887290406069e+01,7.116460108388594108e+01,1.709063004320999468e+01,9.686288753143186625e+01
2.708629138340641518e+01,1.172203142395173892e+01,7.124470764473339557e+01,1.703326093131487795e+01,9.696595003531645318e+01
2.718079660242928597e+01,1.169935807529377136e+01,7.132434958125513447e+01,1.697629234345109950e+01,9.706843392313267316e+01
2.727526415291562500e+01,1.167674890813424149e+01,7.140353113308235322e+01,1.691971995878339641e+01,9.717034438839431232e+01
2.736969392905684373e+01,1.165420399438956522e+01,7.148225648569192003e+01,1.686353951991850764e+01,9.727168655975378897e+01
2.746408582533419462e+01,1.163172339696448354e+01,7.156052977130991621e+01,1.680774683172558781e+01,9.737246550206280915e+01
2.755843973651916201e+01,1.160930717001982870e+01,7.163835506979739876e+01,1.675233776018277609e+01,9.747268621739949879e+01
2.765275555767393101e+01,1.158695535923315667e+01,7.171573640951652351e+01,1.669730823125033226e+01,9.757235364609384476e+01
2.774703318415184228e+01,1.156466800205178203e+01,7.179267776818012692e+01,1.664265422976808395e+01,9.767147266771868885e+01
2.784127251159777572e+01,1.154244512793912492e+01,7.186918307368284786e+01,1.658837179837803077e+01,9.777004810206713614e+01
2.793547343594861232e+01,1.152028675861366658e+01,7.194525620491597806e+01,1.653445703647034648e+01,9.786808471010456856e+01
2.802963585343365338e+01,1.149819290828189899e+01,7.202090099256518840e+01,1.648090609915289662e+01,9.796558719490927558e+01
2.812375966057501131e+01,1.147616358386406077e+01,7.209612121989280809e+01,1.642771519624313470e+01,9.806256020259107231e+01
2.821784475418804661e+01,1.145419878521441781e+01,7.217092062350327808e+01,1.637488059128230944e+01,9.815900832318543223e+01
2.831189103138175511e+01,1.143229850533470682e+01,7.224530289409426587e+01,1.632239860057102376e+01,9.825493609154071351e+01
2.840589838955917656e+01,1.141046273058218041e+01,7.231927167719230454e+01,1.627026559222551683e+01,9.835034798818480795e+01
2.849986672641780316e+01,1.138869144087159491e+01,7.239283057387345366e+01,1.621847798525493900e+01,9.844524844016584098e+01
2.859379593994993485e+01,1.136698460987188675e+01,7.246598314147030351e+01,1.616703224865780442e+01,9.853964182189564269e+01
2.868768592844309850e+01,1.134534220519713266e+01,7.253873289426447002e+01,1.611592490053838844e+01,9.863353245595149588e+01
2.878153659048041746e+01,1.132376418859255907e+01,7.261108330416581680e+01,1.606515250724163124e+01,9.872692461388608365e+01
2.887534782494097740e+01,1.130225051611523313e+01,7.268303780137802050e+01,1.601471168250674282e+01,9.881982251700777908e+01
2.896911953100019943e+01,1.128080113830978526e+01,7.275459977505157383e+01,1.596459908663864802e+01,9.891223033715151303e+01
2.906285160813024149e+01,1.125941600037955403e+01,7.282577257392352976e+01,1.591481142569691443e+01,9.900415219743209150e+01
2.915654395610028260e+01,1.123809504235279810e+01,7.289655950694536557e+01,1.586534545070182567e+01,9.909559217298595968e+01
2.925019647497695630e+01,1.121683819924431447e+01,7.296696384389851175e+01,1.581619795685718088e+01,9.918655429169474758e+01
2.934380906512465970e+01,1.119564540121298535e+01,7.303698881599780179e+01,1.576736578278921108e+01,9.927704253490705355e+01
2.943738162720588747e+01,1.117451657371467100e+01,7.310663761648396530e+01,1.571884580980135659e+01,9.936706083812414647e+01
2.953091406218162263e+01,1.115345163765112879e+01,7.317591340120424093e+01,1.567063496114464094e+01,9.945661309169582864e+01
2.962440627131161364e+01,1.113245050951475257e+01,7.324481928918210372e+01,1.562273020130315082e+01,9.954570314149211185e+01
2.971785815615475812e+01,1.111151310152961003e+01,7.331335836317641963e+01,1.557512853529397034e+01,9.963433478956504530e+01
2.981126961856938351e+01,1.109063932178821332e+01,7.338153367023008400e+01,1.552782700798170623e+01,9.972251179479167149e+01
2.990464056071357746e+01,1.106982907438503005e+01,7.344934822220777448e+01,1.548082270340718836e+01,9.981023787351918486e+01
2.999797088504554665e+01,1.104908225954619816e+01,7.351680499632448118e+01,1.543411274412932244e+01,9.989751670018470975e+01
3.009126049432386196e+01,1.102839877375557620e+01,7.358390693566325069e+01,1.538769429058117488e+01,9.998435190793435368e+01
3.018450929160778529e+01,1.100777850987761219e+01,7.365065694968444632e+01,1.534156454043794859e+01,1.000707470892155442e+02
3.027771718025762482e+01,1.098722135727673965e+01,7.371705791472439273e+01,1.529572072799886584e+01,1.001567057963799243e+02
3.037088406393495532e+01,1.096672720193353534e+01,7.378311267448587785e+01,1.525016012358058859e+01,1.002422315422587786e+02
3.046400984660292011e+01,1.094629592655790873e+01,7.384882404051867866e+01,1.520488003292341439e+01,1.003273278007353042e+02
3.055709443252658630e+01,1.092592741069897322e+01,7.391419479269229953e+01,1.515987779660874146e+01,1.004119980073036800e+02
3.065013772627313671e+01,1.090562153085223507e+01,7.397922767965904711e+01,1.511515078948873025e+01,1.004962455596198083e+02
3.074313963271219308e+01,1.088537816056360441e+01,7.404392541930967298e+01,1.507069642012671196e+01,1.005800738180382581e+02
3.083610005701608614e+01,1.086519717053081102e+01,7.410829069922013446e+01,1.502651213024904742e+01,1.006634861061547781e+02
3.092901890466011139e+01,1.084507842870199745e+01,7.417232617709036901e+01,1.498259539420764064e+01,1.007464857113142358e+02
3.102189608142279909e+01,1.082502180037160322e+01,7.423603448117572157e+01,1.493894371845266811e+01,1.008290758851275939e+02
3.111473149338615585e+01,1.080502714827393795e+01,7.429941821070966057e+01,1.489555464101641746e+01,1.009112598439814548e+02
