# Well Angle,Fracture 1,Fracture 2,Fracture 3,Pressure Drop
1.003354252449484146e-01,3.413481235038203465e+01,3.289604238031844829e+01,3.296914526929951705e+01,1.003247374345019409e+02
2.006706966436306028e-01,3.354495323969014464e+01,3.287885259650404635e+01,3.357619416380581612e+01,1.005116215244075164e+02
3.010056603245632179e-01,3.296252130967590688e+01,3.284658824596144910e+01,3.419089044436265112e+01,1.006625540637947012e+02
4.013401625788883820e-01,3.238713997481544737e+01,3.279921809547525413e+01,3.481364192970929139e+01,1.007776416242160451e+02
5.006912612564722309e-01,3.182398140618673565e+01,3.273737711809005901e+01,3.543864147572320888e+01,1.008563441002322207e+02
6.005615116529761099e-01,3.126412918825638343e+01,3.266016433419359544e+01,3.607570647755000692e+01,1.009001184254824324e+02
7.004308497143204582e-01,3.071020160015550005e+01,3.256777414709348761e+01,3.672202425275101945e+01,1.009084385165764957e+02
8.002991237428552784e-01,3.016186004845494750e+01,3.246009634586712878e+01,3.737804360567793793e+01,1.008812401187681047e+02
9.001661820506275946e-01,2.961877235173880862e+01,3.233700027857780412e+01,3.804422736968338370e+01,1.008184165381734516e+02
1.000031872960765789e+00,2.908061207094427303e+01,3.219833448204751392e+01,3.872105344700821661e+01,1.007198183507754266e+02
1.100961253905949455e+00,2.854139029096559455e+01,3.204219368391652267e+01,3.941641602511788278e+01,1.005836229394159460e+02
1.200823736403118236e+00,2.801216930241349701e+01,3.187167740834882679e+01,4.011615328923767265e+01,1.004124665486316275e+02
1.300418102405262344e+00,2.748831674137785441e+01,3.168552445328856138e+01,4.082615880533358421e+01,1.002054254137929945e+02
1.400809364927726230e+00,2.696394953811915940e+01,3.148137263422028553e+01,4.155467782766056217e+01,9.995966433883690172e+01
1.500665914816155189e+00,2.644572849072853060e+01,3.126159912404851227e+01,4.229267238522295713e+01,9.967792170369311577e+01
1.600520185534808570e+00,2.593055705680080791e+01,3.102487638512497270e+01,4.304456655807422294e+01,9.935857263051369159e+01
1.700105757316529465e+00,2.541949443644744733e+01,3.077159102495842902e+01,4.380891453859413076e+01,9.900215337797595794e+01
1.800221283243522041e+00,2.490814825513427522e+01,3.049930096676033031e+01,4.459255077810539092e+01,9.860513365754395920e+01
1.899950655587020032e+00,2.440089954609038969e+01,3.021009025045403007e+01,4.538901020345559090e+01,9.817049098080767067e+01
1.999930083045492024e+00,2.389420330341349086e+01,2.990175095153844609e+01,4.620404574504805595e+01,9.769490554346771205e+01
2.099906465473766470e+00,2.338904291323494178e+01,2.957456491874498283e+01,4.703639216802007184e+01,9.717875051684556809e+01
2.199879650817317511e+00,2.288511091024120958e+01,2.922807166697977621e+01,4.788681742277901066e+01,9.662128952337504018e+01
2.299849487050810826e+00,2.238209745011827323e+01,2.886177736006472827e+01,4.875612518981699850e+01,9.602172687701873599e+01
2.399815822179489189e+00,2.187968963938452305e+01,2.847515308046751770e+01,4.964515728014795570e+01,9.537920515652145070e+01
2.499778504240557808e+00,2.137757084550457876e+01,2.806763294690371424e+01,5.055479620759169990e+01,9.469280256577322064e+01
2.599737381304565442e+00,2.087541998418107170e+01,2.763861206773535173e+01,5.148596794808357657e+01,9.396153006814681419e+01
2.699692301476790846e+00,2.037291078056269100e+01,2.718744431682499396e+01,5.243964490261231504e+01,9.318432828041295579e+01
2.799643112898621666e+00,1.986971100092247511e+01,2.671343991710896049e+01,5.341684908196855019e+01,9.236006411058754395e+01
2.899589663748938673e+00,1.936548165115963371e+01,2.621586281561226173e+01,5.441865553322811877e+01,9.148752712260053954e+01
2.999531802245492429e+00,1.885987613824690001e+01,2.569392783192256502e+01,5.544619602983051720e+01,9.056542560932237507e+01
3.099469376646286189e+00,1.835253939049504268e+01,2.514679756025613955e+01,5.650066304924881422e+01,8.959238235374911596e+01
3.199402235250955240e+00,1.784310693222428412e+01,2.457357900315602706e+01,5.758331406461968527e+01,8.856693005663068163e+01
3.299330226402140021e+00,1.733120390812731415e+01,2.397331991254529271e+01,5.869547617932740025e+01,8.748750640693087632e+01
3.399253198486867245e+00,1.681644405226892758e+01,2.334500481128312188e+01,5.983855113644794699e+01,8.635244876971151484e+01
3.499170999937923909e+00,1.629842859630161556e+01,2.268755066551185706e+01,6.101402073818652383e+01,8.515998846398814237e+01
3.599083479235231753e+00,1.577674511107590405e+01,2.199980217490369228e+01,6.222345271402039657e+01,8.390824460109186589e+01
3.698990484907222154e+00,1.525096627539140925e+01,2.128052664437626618e+01,6.346850708023231391e+01,8.259521745183805308e+01
3.798891865532205259e+00,1.472064856516873910e+01,2.052840839691289432e+01,6.475094303791836126e+01,8.121878130864706691e+01
3.898787469739746658e+00,1.418533085582222597e+01,1.974204268273552998e+01,6.607262646144224050e+01,7.977667680637563308e+01
3.998677146212032518e+00,1.364453293007930590e+01,1.891992903519893687e+01,6.743553803472175900e+01,7.826650266338404549e+01
4.098560743685243146e+00,1.309775388292795029e+01,1.806046401833218340e+01,6.884178209873986987e+01,7.668570680200433287e+01
4.198438110950915458e+00,1.254447041477954272e+01,1.716193330489659985e+01,7.029359628032386809e+01,7.503157680536027385e+01
4.298309096857314771e+00,1.198413500331436055e+01,1.622250301707492781e+01,7.179336197961070809e+01,7.330122966542022311e+01
4.398173550310795044e+00,1.141617394384273254e+01,1.524021025439066612e+01,7.334361580176660311e+01,7.149160077523863777e+01
4.498031320277168454e+00,1.083998524736793989e+01,1.421295272508317709e+01,7.494706202754888125e+01,6.959943211693034470e+01
4.597882255783063421e+00,1.025493638489960802e+01,1.313847738785396047e+01,7.660658622724642441e+01,6.762125959587405077e+01
4.697726205917286180e+00,9.660361865950664040e+00,1.201436800054653453e+01,7.832527013350279788e+01,6.555339947139302126e+01
4.797563019832182363e+00,9.055560638583957100e+00,1.083803146083054791e+01,8.010640790058549499e+01,6.339193383492116851e+01
4.897392546744996800e+00,8.439793297889908175e+00,9.606682811222883700e+00,8.195352389088721168e+01,6.113269508864809865e+01
4.997214635939223548e+00,7.812279089415966382e+00,8.317328766684036978e+00,8.387039214389999131e+01,5.877124938144260113e+01
5.097029136765969248e+00,7.172192693887232018e+00,6.966749607477431994e+00,8.586105769863533510e+01,5.630287896490442279e+01
5.196835898645304042e+00,6.518660779630752522e+00,5.551479262870288700e+00,8.792985995749896233e+01,5.372256344130241246e+01
5.296634771067609826e+00,5.850758309532460011e+00,4.067783392506473916e+00,9.008145829796106341e+01,5.102495988799435622e+01
5.396425603594937392e+00,6.095223007787829772e+00,4.791294004269749607e+00,8.911348298794243306e+01,5.239704854077038476e+01
5.496208245862351127e+00,6.636089169945573296e+00,6.254438076340784747e+00,8.710947275371363219e+01,5.514987589044611127e+01
5.595982547579276378e+00,7.145041492387709248e+00,7.656241158031387606e+00,8.519871734958090315e+01,5.780925645223999965e+01
5.695748358530851263e+00,7.624244226071592578e+00,9.000753155399618066e+00,8.337500261852879646e+01,6.038024382616768548e+01
5.795505528579258936e+00,8.075686815149742515e+00,1.029168152249343571e+01,8.163263166235682888e+01,6.286755361819270860e+01
5.895253907665082949e+00,8.501199974325647446e+00,1.153242522746404575e+01,7.996637479821029615e+01,6.527558738020015028e+01
5.994993345808638630e+00,8.902470168548278551e+00,1.272610496425381221e+01,7.837142486719790213e+01,6.760845515873985789e+01
6.094723693111312457e+00,9.281052655420332087e+00,1.387559005378781940e+01,7.684335729079182897e+01,6.986999662385049703e+01
6.194444799756905873e+00,9.638383236529273645e+00,1.498352242492890696e+01,7.537809433854181407e+01,7.206380078740976103e+01
6.294156516012963110e+00,9.975788850246456008e+00,1.605233801794871695e+01,7.397187313180482704e+01,7.419322434683375889e+01
6.393858692232106122e+00,1.029449712563664576e+01,1.708428591137618824e+01,7.262121696298716245e+01,7.626140870760707458e+01
6.493551178853365968e+00,1.059564500511149632e+01,1.808144543625535761e+01,7.132290955863315673e+01,7.827129574928116540e+01
6.593233826403512410e+00,1.088028653241749666e+01,1.904574150953522604e+01,7.007397195804726664e+01,8.022564240604606312e+01
6.692906485498384406e+00,1.114939989246910379e+01,1.997895839001414231e+01,6.887164171751673791e+01,8.212703413586920931e+01
6.792569006844207280e+00,1.140389378040764612e+01,2.088275203549980219e+01,6.771335418409253748e+01,8.397789735273659062e+01
6.892221241238922325e+00,1.164461316902653820e+01,2.175866121819417032e+01,6.659672561277929503e+01,8.578051089524750239e+01
6.991863039573508409e+00,1.187234453630697928e+01,2.260811753638579802e+01,6.551953792730722625e+01,8.753701660238274940e+01
7.091494252833295597e+00,1.208782060817769555e+01,2.343245444398932875e+01,6.447972494783297748e+01,8.924942906407774501e+01
7.191114732099286755e+00,1.229172466569064248e+01,2.423291540500995822e+01,6.347535992929939397e+01,9.091964461055755464e+01
7.290724328549469391e+00,1.248469446052062715e+01,2.501066126736250439e+01,6.250464427211687024e+01,9.254944960045872904e+01
7.390322893460136378e+00,1.266732577798794246e+01,2.576677693940726499e+01,6.156589728260478722e+01,9.414052806379724814e+01
7.489910278207176475e+00,1.284017568261306508e+01,2.650227744287793996e+01,6.065754687450898075e+01,9.569446875183379575e+01
7.589486334267411038e+00,1.300376547748308198e+01,2.721811340738466356e+01,5.977812111513224380e+01,9.721277164205216081e+01
7.689050913219872108e+00,1.315858340539347360e+01,2.791517606423151676e+01,5.892624053037500431e+01,9.869685394275144574e+01
7.788603866747125792e+00,1.330508711678094791e+01,2.859430179075417300e+01,5.810061109246488087e+01,1.001480556381911526e+02
7.888145046636561020e+00,1.344370592683909393e+01,2.925627625064083404e+01,5.730001782252006848e+01,1.015676446120257879e+02
7.987674304781701373e+00,1.357484288187766097e+01,2.990183817065266680e+01,5.652331894746968288e+01,1.029568213835208894e+02
8.087191493183485846e+00,1.369887665290931444e+01,3.053168278971366689e+01,5.576944055737701689e+01,1.043167234883339773e+02
8.186696463951571801e+00,1.381616327260165100e+01,3.114646501242265941e+01,5.503737171497569136e+01,1.056484295328453129e+02
8.286189069305631705e+00,1.392703773008660484e+01,3.174680229558539679e+01,5.432615997432801436e+01,1.069529629486488886e+02
8.385669161576629449e+00,1.403181543665230890e+01,3.233327729330951428e+01,5.363490727003816971e+01,1.082312954715450388e+02
8.485136593208121525e+00,1.413079357403724856e+01,3.290644028350745742e+01,5.296276614245529402e+01,1.094843503672773579e+02
8.584591216757525345e+00,1.422425233587753546e+01,3.346681139626056734e+01,5.230893626786189543e+01,1.107130054243804693e+02
8.684032884897414206e+00,1.431245607181867463e+01,3.401488266238108338e+01,5.167266126580024377e+01,1.119180957327779851e+02
8.783461450416796268e+00,1.439565434287116474e+01,3.455111989862714950e+01,5.105322575850169642e+01,1.131004162651421012e+02
8.882876766222377540e+00,1.447408289575622753e+01,3.507596444435754535e+01,5.044995265988623601e+01,1.142607242766166991e+02
8.982278685339849744e+00,1.454796456324471698e+01,3.558983476292621617e+01,4.986220067382905796e+01,1.153997415371744211e+02
9.081667060915158629e+00,1.461751009682193470e+01,3.609312791979501611e+01,4.928936198338305275e+01,1.165181564096400137e+02
9.181041746215761634e+00,1.468291893741465159e+01,3.658622094816394110e+01,4.873086011442141086e+01,1.176166257853508341e+02
9.280402594631913971e+00,1.474437992937806285e+01,3.706947211186557922e+01,4.818614795875635082e+01,1.186957768883988393e+02
9.379749459677913848e+00,1.480207198245845390e+01,3.754322207433153125e+01,4.765470594321003261e+01,1.197562089584850753e+02
9.479082194993370791e+00,1.485616468601315177e+01,3.800779498159461411e+01,4.713604033239221991e+01,1.207984948215953125e+02
9.578400654344461529e+00,1.490681887937875238e+01,3.846349946654356700e+01,4.662968165407767884e+01,1.218231823569125822e+02
9.677704691625187650e+00,1.495418718192812513e+01,3.891062958096420488e+01,4.613518323710766822e+01,1.228307958677349063e+02
9.776994160858622607e+00,1.499841448603759986e+01,3.934946566130322054e+01,4.565211985265917605e+01,1.238218373634908858e+02
9.876268916198162273e+00,1.503963841590229222e+01,3.978027513354002309e+01,4.518008645055768113e+01,1.247967877593811465e+02
9.975528811928775497e+00,1.507798975487699167e+01,4.020331326206705569e+01,4.471869698305594909e+01,1.257561079996670657e+02
1.007477370246824044e+01,1.511359284378835355e+01,4.061882384703676507e+01,4.426758330917488138e+01,1.267002401101001254e+02
1.017400344236839516e+01,1.514656595245131854e+01,4.102703987423581822e+01,4.382639417331286324e+01,1.276296081846017358e+02
1.027321788631636146e+01,1.517702162643327313e+01,4.142818412119071070e+01,4.339479425237601617e+01,1.285446193108400905e+02
1.037241688913579019e+01,1.520506701093454005e+01,4.182246972288393749e+01,4.297246326618152779e+01,1.294456644390496365e+02
1.047160030578808509e+01,1.523080415349751604e+01,4.221010070016892257e+01,4.255909514633356849e+01,1.303331191980166182e+02
1.057076799137364453e+01,1.525433028711395167e+01,4.259127245370585513e+01,4.215439725918017899e+01,1.312073446619574781e+02
1.066991980113306226e+01,1.527573809517005543e+01,4.296617222600280428e+01,4.175808967882714740e+01,1.320686880716116320e+02
1.076905559044837979e+01,1.529511595955103864e+01,4.333497953392816271e+01,4.136990450652079687e+01,1.329174835127101630e+02
1.086817521484427651e+01,1.531254819312061421e+01,4.369786657386379858e+01,4.098958523301558188e+01,1.337540525546952495e+02
1.096727852998931141e+01,1.532811525769071714e+01,4.405499860148981384e+01,4.061688614081946724e+01,1.345787048523567080e+02
1.106636539169711675e+01,1.534189396851116882e+01,4.440653428802794878e+01,4.025157174346089306e+01,1.353917387128570340e+02
1.116543565592761844e+01,1.535395768622413470e+01,4.475262605462484800e+01,3.989341625915101730e+01,1.361934416304296462e+02
1.126448917878823330e+01,1.536437649715653464e+01,4.509342038641946715e+01,3.954220311642399821e+01,1.369840907908655936e+02
1.136352581653508942e+01,1.537321738275538507e+01,4.542905812771679308e+01,3.919772448952782185e+01,1.377639535477648849e+02
1.146254542557419498e+01,1.538054437890688320e+01,4.575967475957936159e+01,3.885978086151375521e+01,1.385332878723341139e+02
1.156154786246267641e+01,1.538641872582733328e+01,4.608540066104384891e+01,3.852818061312881071e+01,1.392923427784755575e+02
1.166053298390993120e+01,1.539089900915786657e+01,4.640636135507714499e+01,3.820273963576499199e+01,1.400413587246880240e+02
1.175950064677884832e+01,1.539404129284994127e+01,4.672267774030277110e+01,3.788328096684728052e+01,1.407805679942481447e+02
1.185845070808697876e+01,1.539589924438427815e+01,4.703446630944637263e+01,3.756963444616934567e+01,1.415101950550445622e+02
1.195738302500772221e+01,1.539652425282533521e+01,4.734183935538150934e+01,3.726163639179314657e+01,1.422304569002959624e+02
1.205629745487150828e+01,1.539596554017707852e+01,4.764490516558946354e+01,3.695912929423347038e+01,1.429415633713499574e+02
1.215519385516697248e+01,1.539427026647152452e+01,4.794376820578499832e+01,3.666196152774347183e+01,1.436437174636338057e+02
1.225407208354212685e+01,1.539148362899153355e+01,4.823852929340844042e+01,3.636998707760003668e+01,1.443371156167807783e+02
1.235293199780553763e+01,1.538764895599846483e+01,4.852928576163022711e+01,3.608306528237131516e+01,1.450219479898915154e+02
1.245177345592747642e+01,1.538280779531158515e+01,4.881613161446941263e+01,3.580106059021900933e+01,1.456983987227856119e+02
1.255059631604109782e+01,1.537699999805970918e+01,4.909915767358333483e+01,3.552384232835694888e+01,1.463666461841000910e+02
1.264940043644359058e+01,1.537026379790405173e+01,4.937845171724750770e+01,3.525128448484843346e+01,1.470268632069778789e+02
1.274818567559733395e+01,1.536263588601059027e+01,4.965409861200688368e+01,3.498326550198251539e+01,1.476792173130868662e+02
1.284695189213105238e+01,1.535415148203055935e+01,4.992618043744750622e+01,3.471966808052192732e+01,1.483238709256204118e+02
1.294569894484095762e+01,1.534484440133093130e+01,5.019477660450507273e+01,3.446037899416398176e+01,1.489609815719254016e+02
1.304442669269190347e+01,1.533474711869926921e+01,5.045996396769911740e+01,3.420528891360162049e+01,1.495907020763423532e+02
1.314313499481850833e+01,1.532389082873324782e+01,5.072181693165590843e+01,3.395429223961085796e+01,1.502131807437891382e+02
1.324182371052632057e+01,1.531230550311060945e+01,5.098040755225669329e+01,3.370728694463270614e+01,1.508285615346374584e+02
1.334049269929292691e+01,1.530001994492245565e+01,5.123580563272713562e+01,3.346417442235040340e+01,1.514369842313336960e+02
1.343914182076909114e+01,1.528706184024059311e+01,5.148807881496216510e+01,3.322485934479722403e+01,1.520385845972312211e+02
1.353777093477988558e+01,1.527345780707919332e+01,5.173729266636032520e+01,3.298924952656047083e+01,1.526334945280633519e+02
1.363637990132580491e+01,1.525923344189969910e+01,5.198351076242593649e+01,3.275725579567436796e+01,1.532218421964417701e+02
1.373496858058389058e+01,1.524441336379901735e+01,5.222679476537752663e+01,3.252879187082345425e+01,1.538037521897611271e+02
1.383353683290884284e+01,1.522902125651192051e+01,5.246720449898951699e+01,3.230377424449856960e+01,1.543793456418670473e+02
1.393208451883413623e+01,1.521307990835035007e+01,5.270479801987503521e+01,3.208212207177462005e+01,1.549487403588050540e+02
1.403061149907311567e+01,1.519661125019429093e+01,5.293963168540909692e+01,3.186375706439660860e+01,1.555120509389747383e+02
1.412911763452011371e+01,1.517963639164235978e+01,5.317176021847603806e+01,3.164860338988158972e+01,1.560693888879619067e+02
1.422760278625154307e+01,1.516217565542279111e+01,5.340123676921368912e+01,3.143658757536351800e+01,1.566208627283488113e+02
1.432606681552699257e+01,1.514424861015997514e+01,5.362811297391858290e+01,3.122763841592143663e+01,1.571665781047345263e+02
1.442450958379031789e+01,1.512587410158548451e+01,5.385243901126253263e+01,3.102168688715199352e+01,1.577066378842312133e+02
1.452293095267072864e+01,1.510707028227706061e+01,5.407426365596570150e+01,3.081866606175724499e+01,1.582411422526444085e+02
1.462133078398387909e+01,1.508785464000501264e+01,5.429363433005892858e+01,3.061851102993606233e+01,1.587701888065774654e+02
1.471970893973294281e+01,1.506824402475837310e+01,5.451059715186364940e+01,3.042115882337797572e+01,1.592938726416378188e+02
1.481806528210968033e+01,1.504825467452216259e+01,5.472519698280621014e+01,3.022654834267162016e+01,1.598122864369624949e+02
1.491639967349553331e+01,1.502790223987000573e+01,5.493747747218060340e+01,3.003462028794937666e+01,1.603255205362188462e+02
1.501471197646266909e+01,1.500720180743365439e+01,5.514748109996302361e+01,2.984531709260332377e+01,1.608336630252828172e+02
1.511300205377504824e+01,1.498616792230839323e+01,5.535524921777839324e+01,2.965858285991321708e+01,1.613367998067164422e+02
1.521126976838949929e+01,1.496481460944797348e+01,5.556082208811251633e+01,2.947436330243951730e+01,1.618350146712406001e+02
1.530951498345676676e+01,1.494315539410095361e+01,5.576423892185663789e+01,2.929260568404241738e+01,1.623283893663135586e+02
1.540773756232255565e+01,1.492120332133702298e+01,5.596553791426907765e+01,2.911325876439390825e+01,1.628170036619709435e+02
1.550593736852857951e+01,1.489897097470935527e+01,5.616475627943084703e+01,2.893627274585979947e+01,1.633009354140444884e+02
1.560411426581361738e+01,1.487647049409570954e+01,5.636193028326944443e+01,2.876159922263484958e+01,1.637802606249003361e+02
1.570226811811453338e+01,1.485371359275925940e+01,5.655709527522166979e+01,2.858919113201906015e+01,1.642550535017766435e+02
1.580039878956733723e+01,1.483071157366842030e+01,5.675028571859927951e+01,2.841900270773229309e+01,1.647253865128811015e+02
1.589850614450817368e+01,1.480747534511037067e+01,5.694153521972233989e+01,2.825098943516729477e+01,1.651913304413057517e+02
1.599659004747440605e+01,1.478401543563496467e+01,5.713087655587590774e+01,2.808510800848911160e+01,1.656529544368825668e+02
1.609465036320558085e+01,1.476034200835943722e+01,5.731834170214931135e+01,2.792131628949123368e+01,1.661103260660661647e+02
1.619268695664449353e+01,1.473646487466600519e+01,5.750396185720752129e+01,2.775957326812646286e+01,1.665635113599285830e+02
1.629069969293815845e+01,1.471239350732098039e+01,5.768776746804632438e+01,2.759983902463268990e+01,1.670125748603685452e+02
1.638868843743886927e+01,1.468813705304300221e+01,5.786978825377742908e+01,2.744207469317955628e+01,1.674575796645798675e+02
1.648665305570514406e+01,1.466370434454641902e+01,5.805005322848918325e+01,2.728624242696439239e+01,1.678985874678926677e+02
1.658459341350278393e+01,1.463910391208475836e+01,5.822859072322405893e+01,2.713230536469118803e+01,1.683356586050318242e+02
1.668250937680583235e+01,1.461434399451716715e+01,5.840542840711361094e+01,2.698022759836922901e+01,1.687688520898771287e+02
1.678040081179757337e+01,1.458943254992060545e+01,5.858059330770928597e+01,2.682997414237011213e+01,1.691982256537799003e+02
1.687826758487154066e+01,1.456437726576863056e+01,5.875411183054411879e+01,2.668151090368725065e+01,1.696238357825022831e+02
1.697610956263247317e+01,1.453918556869620637e+01,5.892600977796065109e+01,2.653480465334314786e+01,1.700457377518408180e+02
1.707392661189731342e+01,1.451386463387023262e+01,5.909631236723681269e+01,2.638982299889295291e+01,1.704639856619798479e+02
1.717171859969616676e+01,1.448842139398330531e+01,5.926504424804057436e+01,2.624653435797611323e+01,1.708786324706431969e+02
1.726948539327328902e+01,1.446286254788741665e+01,5.943222951924354192e+01,2.610490793286904676e+01,1.712897300250782848e+02
1.736722686008803862e+01,1.443719456888482888e+01,5.959789174511945475e+01,2.596491368599570393e+01,1.716973290929278448e+02
1.746494286781583938e+01,1.441142371269012479e+01,5.976205397095669980e+01,2.582652231635317719e+01,1.721014793920472243e+02
1.756263328434915749e+01,1.438555602507915232e+01,5.992473873810734375e+01,2.568970523681351636e+01,1.725022296192840372e+02
1.766029797779842170e+01,1.435959734923807396e+01,6.008596809849808551e+01,2.555443455226383875e+01,1.728996274782851401e+02
1.775793681649299316e+01,1.433355333282586308e+01,6.024576362862593726e+01,2.542068303854820144e+01,1.732937197063667156e+02
1.785554966898209628e+01,1.430742943476314721e+01,6.040414644305896985e+01,2.528842412217788649e+01,1.736845521004657940e+02
1.795313640403578148e+01,1.428123093175861769e+01,6.056113720746439100e+01,2.515763186077698066e+01,1.740721695422431310e+02
1.805069689064582761e+01,1.425496292458479708e+01,6.071675615118240188e+01,2.502828092423279216e+01,1.744566160223384372e+02
1.814823099802668338e+01,1.422863034411424543e+01,6.087102307936503820e+01,2.490034657652070749e+01,1.748379346638369611e+02
1.824573859561641953e+01,1.420223795712571579e+01,6.102395738469761000e+01,2.477380465817667243e+01,1.752161677449517470e+02
1.834321955307760277e+01,1.417579037189072544e+01,6.117557805871951615e+01,2.464863156938976019e+01,1.755913567209892392e+02
1.844067374029825146e+01,1.414929204354941561e+01,6.132590370276149372e+01,2.452480425368909067e+01,1.759635422455845344e+02
1.853810102739272025e+01,1.412274727928506479e+01,6.147495253851305819e+01,2.440230018220187347e+01,1.763327641912611625e+02
1.863550128470263090e+01,1.409616024330502526e+01,6.162274241823703136e+01,2.428109733845793983e+01,1.766990616693421998e+02
1.873287438279774619e+01,1.406953496163678174e+01,6.176929083464324322e+01,2.416117420371997682e+01,1.770624730492107801e+02
1.883022019247690437e+01,1.404287532674676697e+01,6.191461493043553332e+01,2.404250974281771391e+01,1.774230359769858296e+02
1.892753858476886819e+01,1.401618510198866296e+01,6.205873150754575107e+01,2.392508339046558064e+01,1.777807873935911971e+02
1.902482943093325574e+01,1.398946792588890098e+01,6.220165703606518548e+01,2.380887503804591532e+01,1.781357635522743408e+02
1.912209260246140019e+01,1.396272731627574082e+01,6.234340766288670466e+01,2.369386502083755630e+01,1.784880000355804555e+02
1.921932797107723090e+01,1.393596667425815205e+01,6.248399922006753116e+01,2.358003410567431857e+01,1.788375317718029862e+02
1.931653540873815800e+01,1.390918928806104482e+01,6.262344723292461168e+01,2.346736347901434527e+01,1.791843930509277527e+02
1.941371478763591796e+01,1.388239833672197321e+01,6.276176692787147715e+01,2.335583473540654964e+01,1.795286175401002708e+02
1.951086598019748664e+01,1.385559689365535796e+01,6.289897324000700252e+01,2.324542986633764485e+01,1.798702382986183466e+02
1.960798885908587152e+01,1.382878793008984708e+01,6.303508082046553795e+01,2.313613124944461674e+01,1.802092877924759478e+02
1.970508329720103546e+01,1.380197431838257316e+01,6.317010404353704445e+01,2.302792163808039660e+01,1.805457979084746114e+02
1.980214916768070310e+01,1.377515883521691009e+01,6.330405701356541925e+01,2.292078415121767421e+01,1.808797999679180748e+02
1.989918634390121710e+01,1.374834416468690179e+01,6.343695357163414883e+01,2.281470226367894583e+01,1.812113247398944509e+02
1.999619469947839079e+01,1.372153290127354808e+01,6.356880730204618146e+01,2.270965979668027757e+01,1.815404024541775527e+02
2.009317410826832884e+01,1.369472755271679532e+01,6.369963153860614824e+01,2.260564090867705644e+01,1.818670628137498966e+02
2.019012444436827991e+01,1.366793054278796404e+01,6.382943937071146934e+01,2.250263008650055951e+01,1.821913350069575870e+02
2.028704558211743603e+01,1.364114421396525145e+01,6.395824364926006211e+01,2.240061213677467222e+01,1.825132477193220097e+02
2.038393739609776389e+01,1.361437083001729142e+01,6.408605699238046327e+01,2.229957217760222932e+01,1.828328291450078211e+02
2.048079976113485046e+01,1.358761257849770132e+01,6.421289179099109390e+01,2.219949563051120833e+01,1.831501069979662759e+02
2.057763255229867028e+01,1.356087157315386804e+01,6.433876021419476388e+01,2.210036821265137519e+01,1.834651085227642966e+02
2.067443564490443109e+01,1.353414985625362377e+01,6.446367421451387258e+01,2.200217592923250720e+01,1.837778605051033765e+02
2.077120891451333762e+01,1.350744940083272638e+01,6.458764553297243083e+01,2.190490506619485345e+01,1.840883892820527876e+02
2.086795223693344070e+01,1.348077211286611288e+01,6.471068570402968589e+01,2.180854218310420478e+01,1.843967207519830538e+02
2.096466548822037979e+01,1.345411983336582473e+01,6.483280606037095595e+01,2.171307410626322820e+01,1.847028803842471802e+02
2.106134854467820716e+01,1.342749434040834089e+01,6.495401773756009334e+01,2.161848792203156933e+01,1.850068932285701635e+02
2.115800128286014825e+01,1.340089735109404323e+01,6.507433167855907641e+01,2.152477097034688214e+01,1.853087839241974564e+02
2.125462357956937964e+01,1.337433052344120554e+01,6.519375863811831096e+01,2.143191083844049771e+01,1.856085767087896556e+02
2.135121531185984267e+01,1.334779545821662339e+01,6.531230918704316935e+01,2.133989535474021082e+01,1.859062954270769410e+02
2.144777635703695040e+01,1.332129370070620489e+01,6.542999371633942474e+01,2.124871258295435439e+01,1.862019635392768180e+02
2.154430659265839409e+01,1.329482674242650475e+01,6.554682244124337842e+01,2.115835081633011683e+01,1.864956041292941507e+02
2.164080589653488929e+01,1.326839602278001351e+01,6.566280540513920982e+01,2.106879857208076601e+01,1.867872399126913479e+02
2.173727414673093605e+01,1.324200293065631051e+01,6.577795248336784084e+01,2.098004458597583977e+01,1.870768932444624113e+02
2.183371122156555089e+01,1.321564880598081437e+01,6.589227338693089564e+01,2.089207780708830597e+01,1.873645861265862038e+02
2.193011699961301986e+01,1.318933494121295524e+01,6.600577766609279706e+01,2.080488739269424059e+01,1.876503402153933280e+02
2.202649135970365890e+01,1.316306258279566244e+01,6.611847471388544761e+01,2.071846270331890238e+01,1.879341768287336265e+02
2.212283418092450660e+01,1.313683293255824225e+01,6.623037376951671718e+01,2.063279329792504768e+01,1.882161169529645974e+02
2.221914534262008800e+01,1.311064714907380413e+01,6.634148392168802388e+01,2.054786892923817376e+01,1.884961812497523681e+02
2.231542472439312519e+01,1.308450634897276643e+01,6.645181411182238662e+01,2.046367953920484339e+01,1.887743900627032758e+02
2.241167220610524780e+01,1.305841160821479541e+01,6.656137313720647342e+01,2.038021525457873651e+01,1.890507634238249750e+02
2.250788766787773199e+01,1.303236396331991465e+01,6.667016965404903317e+01,2.029746638263103620e+01,1.893253210598188048e+02
2.260407099009217546e+01,1.300636441256024867e+01,6.677821218045897922e+01,2.021542340698077211e+01,1.895980823982232835e+02
2.270022205339123289e+01,1.298041391711408643e+01,6.688550909934488686e+01,2.013407698354102493e+01,1.898690665733934111e+02
2.279634073867929445e+01,1.295451340218350644e+01,6.699206866123874704e+01,2.005341793657774829e+01,1.901382924323346231e+02
2.289242692712320704e+01,1.292866375807650314e+01,6.709789898704673305e+01,1.997343725487676025e+01,1.904057785403899743e+02
2.298848050015291733e+01,1.290286584125554548e+01,6.720300807072815985e+01,1.989412608801627869e+01,1.906715431867923769e+02
2.308450133946219651e+01,1.287712047535273285e+01,6.730740378190620277e+01,1.981547574274107149e+01,1.909356043900692725e+02
2.318048932700930820e+01,1.285142845215345098e+01,6.741109386841112894e+01,1.973747767943541831e+01,1.911979799033253187e+02
2.327644434501767989e+01,1.282579053254956847e+01,6.751408595875959406e+01,1.966012350869083392e+01,1.914586872193897875e+02
2.337236627597656380e+01,1.280020744746278005e+01,6.761638756456997612e+01,1.958340498796723139e+01,1.917177435758453043e+02
2.346825500264171183e+01,1.277467989873938592e+01,6.771800608291825085e+01,1.950731401834237033e+01,1.919751659599246523e+02
2.356411040803604351e+01,1.274920856001748604e+01,6.781894879863344272e+01,1.943184264134907124e+01,1.922309711133016208e+02
2.365993237545028194e+01,1.272379407756745984e+01,6.791922288653658768e+01,1.935698303589594005e+01,1.924851755367610338e+02
2.375572078844360391e+01,1.269843707110661413e+01,6.801883541362394681e+01,1.928272751526943907e+01,1.927377954947610306e+02
2.385147553084429362e+01,1.267313813458893534e+01,6.811779334119614759e+01,1.920906852421491351e+01,1.929888470198807511e+02
2.394719648675038570e+01,1.264789783697063363e+01,6.821610352693497248e+01,1.913599863609438501e+01,1.932383459171712161e+02
2.404288354053027277e+01,1.262271672295245928e+01,6.831377272692968461e+01,1.906351055011786144e+01,1.934863077683986035e+02
2.413853657682336618e+01,1.259759531369934749e+01,6.841080759765338826e+01,1.899159708864726781e+01,1.937327479361978533e+02
2.423415548054070712e+01,1.257253410753845202e+01,6.850721469789229445e+01,1.892025119456924287e+01,1.939776815681123026e+02
2.432974013686556702e+01,1.254753358063602242e+01,6.860300049062765027e+01,1.884946592873631133e+01,1.942211236005565524e+02
2.442529043125409416e+01,1.252259418765365773e+01,6.869817134487348653e+01,1.877923446747286107e+01,1.944630887626843219e+02
2.452080624943589626e+01,1.249771636238522277e+01,6.879273353746926034e+01,1.870955010014550979e+01,1.947035915801610315e+02
2.461628747741466583e+01,1.247290051837436664e+01,6.888669325483127182e+01,1.864040622679437575e+01,1.949426463788568356e+02
2.471173400146874854e+01,1.244814704951383355e+01,6.898005659466130624e+01,1.857179635582484778e+01,1.951802672884568040e+02
2.480714570815177211e+01,1.242345633062645405e+01,6.907282956761639525e+01,1.850371410175713649e+01,1.954164682459816618e+02
2.490252248429319692e+01,1.239882871802950426e+01,6.916501809893831876e+01,1.843615318303216455e+01,1.956512629992442385e+02
2.499786421699893424e+01,1.237426455008172610e+01,6.925662803004574641e+01,1.836910741987253104e+01,1.958846651102078624e+02
2.509317079365190395e+01,1.234976414771444908e+01,6.934766512008943096e+01,1.830257073219611996e+01,1.961166879582887930e+02
2.518844210191260657e+01,1.232532781494688301e+01,6.943813504747107856e+01,1.823653713758203665e+01,1.963473447435781338e+02
2.528367802971970590e+01,1.230095583938642179e+01,6.952804341132792842e+01,1.817100074928566400e+01,1.965766484899923228e+02
2.537887846529057256e+01,1.227664849271405068e+01,6.961739573298257255e+01,1.810595577430338210e+01,1.968046120483512311e+02
2.547404329712187021e+01,1.225240603115549476e+01,6.970619745736054540e+01,1.804139651148396339e+01,1.970312480994002158e+02
2.556917241399006002e+01,1.222822869593873385e+01,6.979445395437525690e+01,1.797731734968602169e+01,1.972565691567476733e+02
2.566426570495199400e+01,1.220411671373809881e+01,6.988217052028181797e+01,1.791371276598008677e+01,1.974805875697654756e+02
2.575932305934545496e+01,1.218007029710533651e+01,6.996935237900036952e+01,1.785057732389429574e+01,1.977033155263990807e+02
2.585434436678966108e+01,1.215608964488818700e+01,7.005600468341032183e+01,1.778790567170150183e+01,1.979247650559361205e+02
2.594932951718582004e+01,1.213217494263689211e+01,7.014213251661473691e+01,1.772569254074836564e+01,1.981449480317089638e+02
2.604427840071764777e+01,1.210832636299888954e+01,7.022774089317782398e+01,1.766393274382328826e+01,1.983638761737385039e+02
2.613919090785192623e+01,1.208454406610199428e+01,7.031283476033435420e+01,1.760262117356363731e+01,1.985815610513260197e+02
2.623406692933894746e+01,1.206082819992666799e+01,7.039741899917298440e+01,1.754175280090035116e+01,1.987980140855908928e+02
2.632890635621309627e+01,1.203717890066755913e+01,7.048149842579320534e+01,1.748132267353925684e+01,1.990132465519486686e+02
2.642370907979332983e+01,1.201359629308454480e+01,7.056507779243771949e+01,1.742132591447772683e+01,1.992272695825384119e+02
2.651847499168366085e+01,1.199008049084388716e+01,7.064816178859970819e+01,1.736175772055639399e+01,1.994400941686138538e+02
2.661320398377368690e+01,1.196663159684941569e+01,7.073075504210657982e+01,1.730261336104400982e+01,1.996517311628599600e+02
2.670789594823906299e+01,1.194324970356442428e+01,7.081286212018025594e+01,1.724388817625533221e+01,1.998621912816861652e+02
2.680255077754199178e+01,1.191993489332435807e+01,7.089448753047469154e+01,1.718557757620094861e+01,2.000714851074546345e+02
2.689716836443169967e+01,1.189668723864051891e+01,7.097563572209178062e+01,1.712767703926770224e+01,2.002796230906726578e+02
2.699174860194493775e+01,1.187350680249523727e+01,7.105631108657478023e+01,1.707018211092999493e+01,2.004866155521395399e+02
2.708629138340641518e+01,1.185039363862859041e+01,7.113651795888181084e+01,1.701308840248958631e+01,2.006924726850438105e+02
2.718079660242928597e+01,1.182734779181707019e+01,7.121626061833839572e+01,1.695639158984454298e+01,2.008972045570258445e+02
2.727526415291562500e+01,1.180436929814437441e+01,7.129554328956955089e+01,1.690008741228606226e+01,2.011008211121946090e+02
2.736969392905684373e+01,1.178145818526450128e+01,7.137437014341358577e+01,1.684417167132190585e+01,2.013033321731026035e+02
2.746408582533419462e+01,1.175861447265754300e+01,7.145274529781582373e+01,1.678864022952662793e+01,2.015047474426889096e+02
2.755843973651916201e+01,1.173583817187808975e+01,7.153067281870470140e+01,1.673348900941721240e+01,2.017050765061732420e+02
2.765275555767393101e+01,1.171312928679681598e+01,7.160815672084906680e+01,1.667871399235411189e+01,2.019043288329197594e+02
2.774703318415184228e+01,1.169048781383534674e+01,7.168520096869862357e+01,1.662431121746602614e+01,2.021025137782614820e+02
2.784127251159777572e+01,1.166791374219439525e+01,7.176180947720651204e+01,1.657027678059910869e+01,2.022996405852904047e+02
2.793547343594861232e+01,1.164540705407548593e+01,7.183798611263588896e+01,1.651660683328863399e+01,2.024957183866141577e+02
2.802963585343365338e+01,1.162296772489677110e+01,7.191373469334962465e+01,1.646329758175360780e+01,2.026907562060695795e+02
2.812375966057501131e+01,1.160059572350248480e+01,7.198905899058414093e+01,1.641034528591336894e+01,2.028847629604164240e+02
2.821784475418804661e+01,1.157829101236680280e+01,7.206396272920817125e+01,1.635774625842502061e+01,2.030777474609849094e+02
2.831189103138175511e+01,1.155605354779198457e+01,7.213844958846556210e+01,1.630549686374244800e+01,2.032697184153039984e+02
2.840589838955917656e+01,1.153388328010080421e+01,7.221252320270419034e+01,1.625359351719499656e+01,2.034606844286913088e+02
2.849986672641780316e+01,1.151178015382412134e+01,7.228618716208939077e+01,1.620203268408648967e+01,2.036506540058097698e+02
2.859379593994993485e+01,1.148974410788266098e+01,7.235944501330439493e+01,1.615081087881294408e+01,2.038396355522039585e+02
2.868768592844309850e+01,1.146777507576425847e+01,7.243230026023593382e+01,1.609992466399980771e+01,2.040276373758012198e+02
2.878153659048041746e+01,1.144587298569590139e+01,7.250475636464722129e+01,1.604937064965686844e+01,2.042146676883821215e+02
2.887534782494097740e+01,1.142403776081115296e+01,7.257681674683735196e+01,1.599914549235149330e+01,2.044007346070322626e+02
2.896911953100019943e+01,1.140226931931295695e+01,7.264848478628789508e+01,1.594924589439915508e+01,2.045858461555567089e+02
2.906285160813024149e+01,1.138056757463186663e+01,7.271976382229722446e+01,1.589966860307092134e+01,2.047700102658755554e+02
2.915654395610028260e+01,1.135893243558014376e+01,7.279065715460210129e+01,1.585041040981775851e+01,2.049532347793921190e+02
2.925019647497695630e+01,1.133736380650109155e+01,7.286116804398832869e+01,1.580146814951057799e+01,2.051355274483242965e+02
2.934380906512465970e+01,1.131586158741516002e+01,7.293129971288804825e+01,1.575283869969679706e+01,2.053168959370389075e+02
2.943738162720588747e+01,1.129442567416107934e+01,7.300105534596752932e+01,1.570451897987137890e+01,2.054973478233269759e+02
2.953091406218162263e+01,1.127305595853381526e+01,7.307043809070236762e+01,1.565650595076382956e+01,2.056768905996870274e+02
2.962440627131161364e+01,1.125175232841846373e+01,7.313945105794232404e+01,1.560879661363923177e+01,2.058555316745595292e+02
2.971785815615475812e+01,1.123051466792047925e+01,7.320809732246571855e+01,1.556138800961380042e+01,2.060332783735572946e+02
2.981126961856938351e+01,1.120934285749235215e+01,7.327637992352319429e+01,1.551427721898446244e+01,2.062101379406632873e+02
2.990464056071357746e+01,1.118823677405698014e+01,7.334430186537093732e+01,1.546746136057209142e+01,2.063861175394122540e+02
2.999797088504554665e+01,1.116719629112728107e+01,7.341186611779492921e+01,1.542093759107779150e+01,2.065612242540487671e+02
3.009126049432386196e+01,1.114622127892311099e+01,7.347907561662420051e+01,1.537470310445268140e+01,2.067354650906610516e+02
3.018450929160778529e+01,1.112531160448433631e+01,7.354593326423591293e+01,1.532875513127975253e+01,2.069088469783035009e+02
3.027771718025762482e+01,1.110446713178141387e+01,7.361244193004971237e+01,1.528309093816887021e+01,2.070813767700932999e+02
3.037088406393495532e+01,1.108368772182259576e+01,7.367860445101453593e+01,1.523770782716286831e+01,2.072530612442862434e+02
3.046400984660292011e+01,1.106297323275823707e+01,7.374442363208517293e+01,1.519260313515659355e+01,2.074239071053368662e+02
3.055709443252658630e+01,1.104232351998241768e+01,7.380990224669106681e+01,1.514777423332650308e+01,2.075939209849368865e+02
3.065013772627313671e+01,1.102173843623176452e+01,7.387504303719592258e+01,1.510321852657230934e+01,2.077631094430395535e+02
3.074313963271219308e+01,1.100121783168136602e+01,7.393984871534958359e+01,1.505893345296906105e+01,2.079314789688691008e+02
3.083610005701608614e+01,1.098076155403834164e+01,7.400432196273131069e+01,1.501491648323034234e+01,2.080990359818985098e+02
3.092901890466011139e+01,1.096036944863275409e+01,7.406846543118540183e+01,1.497116512018184764e+01,2.082657868328228119e+02
3.102189608142279909e+01,1.094004135850603276e+01,7.413228174324881081e+01,1.492767689824515998e+01,2.084317378045147109e+02
3.111473149338615585e+01,1.091977712449697435e+01,7.419577349257126286e+01,1.488444938293176989e+01,2.085968951129605387e+02
