# Well Angle,Fracture 1,Fracture 2,Fracture 3,Pressure Drop
1.003354252449484146e-01,3.553127365390527359e+01,3.246303753476723841e+01,3.200568881132749510e+01,2.878790876383098976e+02
2.006706966436306028e-01,3.496763245733494330e+01,3.245178283596979441e+01,3.258058470669526230e+01,2.889562573327240784e+02
3.010056603245632179e-01,3.441171123374342500e+01,3.242620737066403791e+01,3.316208139559253709e+01,2.899546175916084962e+02
4.013401625788883820e-01,3.386317254076110572e+01,3.238630145974074281e+01,3.375052599949814436e+01,2.908749334850735409e+02
5.006912612564722309e-01,3.332695991871877794e+01,3.233263921631092330e+01,3.434040086497029165e+01,2.917100077443113832e+02
6.005615116529761099e-01,3.279460199867610726e+01,3.226446406540166834e+01,3.494093393592223151e+01,2.924736040737520284e+02
7.004308497143204582e-01,3.226861815035124437e+01,3.218195867343558803e+01,3.554942317621316050e+01,2.931616820589937333e+02
8.002991237428552784e-01,3.174871196441296206e+01,3.208504466699289992e+01,3.616624336859413091e+01,2.937746981982525654e+02
9.001661820506275946e-01,3.123459464983049827e+01,3.197362625703310002e+01,3.679177909313639816e+01,2.943130383087220707e+02
1.000031872960765789e+00,3.072598449990832492e+01,3.184759005361218343e+01,3.742642544647947744e+01,2.947770187347010165e+02
1.100961253905949455e+00,3.021726424011750822e+01,3.170522309805459216e+01,3.807751266182790317e+01,2.951706472478724663e+02
1.200823736403118236e+00,2.971890061633718361e+01,3.154937972092418619e+01,3.873171966273862665e+01,2.954857967844314999e+02
1.300418102405262344e+00,2.922654419551198757e+01,3.137894424208707633e+01,3.939451156240094321e+01,2.957265842614907001e+02
1.400809364927726230e+00,2.873470657855684962e+01,3.119178490005393556e+01,4.007350852138920061e+01,2.958950413847035747e+02
1.500665914816155189e+00,2.824967420072538360e+01,3.099011593976344514e+01,4.076020985951117126e+01,2.959886202805762423e+02
1.600520185534808570e+00,2.776857707648962048e+01,3.077275932530338309e+01,4.145866359820701064e+01,2.960083279945135928e+02
1.700105757316529465e+00,2.729243834610737451e+01,3.054011222851458740e+01,4.216744942537803809e+01,2.959542600858687820e+02
1.800221283243522041e+00,2.681721109030292638e+01,3.028997673474680496e+01,4.289281217495027221e+01,2.958254741209291296e+02
1.899950655587020032e+00,2.634701244310451784e+01,3.002431632211602519e+01,4.362867123477946762e+01,2.956227062243352748e+02
1.999930083045492024e+00,2.587859944587367877e+01,2.974115611246871893e+01,4.438024444165760940e+01,2.953444678221589470e+02
2.099906465473766470e+00,2.541293425158807651e+01,2.944081293182347991e+01,4.514625281658844358e+01,2.949907728668365507e+02
2.199879650817317511e+00,2.494978453857460465e+01,2.912292663458694975e+01,4.592728882683844205e+01,2.945611513757370972e+02
2.299849487050810826e+00,2.448891970513857075e+01,2.878711189452093322e+01,4.672396840034050314e+01,2.940550689985689701e+02
2.399815822179489189e+00,2.403011053087628923e+01,2.843295716181904353e+01,4.753693230730466723e+01,2.934719268889360251e+02
2.499778504240557808e+00,2.357312884438165312e+01,2.806002353633277480e+01,4.836684761928557919e+01,2.928110615378160446e+02
2.599737381304565442e+00,2.311774719674921030e+01,2.766784355213530233e+01,4.921440925111548381e+01,2.920717445798216545e+02
2.699692301476790846e+00,2.266373854035976976e+01,2.725591986820042933e+01,5.008034159143981157e+01,2.912531825843278739e+02
2.799643112898621666e+00,2.221087591252317139e+01,2.682372385953709681e+01,5.096540022793972469e+01,2.903545168449981588e+02
2.899589663748938673e+00,2.175893212364467288e+01,2.637069410266300196e+01,5.187037377369233582e+01,2.893748231829208066e+02
2.999531802245492429e+00,2.130767944968298266e+01,2.589623474881208409e+01,5.279608580150492259e+01,2.883131117805011172e+02
3.099469376646286189e+00,2.085688932877856772e+01,2.539971377775899697e+01,5.374339689346243887e+01,2.871683270655633464e+02
3.199402235250955240e+00,2.040633206204980254e+01,2.488046112460209613e+01,5.471320681334809422e+01,2.859393476676501109e+02
3.299330226402140021e+00,1.995577651869058755e+01,2.433776667127531113e+01,5.570645681003409777e+01,2.846249864715874764e+02
3.399253198486867245e+00,1.950498984565296468e+01,2.377087809396152096e+01,5.672413206038552147e+01,2.832239907967520480e+02
3.499170999937923909e+00,1.905373718236475611e+01,2.317899855694954425e+01,5.776726426068569253e+01,2.817350427344866262e+02
3.599083479235231753e+00,1.860178138112698321e+01,2.256128424282097811e+01,5.883693437605202803e+01,2.801567596805762150e+02
3.698990484907222154e+00,1.814888273404540797e+01,2.191684170816876787e+01,5.993427555778583127e+01,2.784876951048814249e+02
3.798891865532205259e+00,1.769479870760277151e+01,2.124472505334026806e+01,6.106047623905696042e+01,2.767263396060689047e+02
3.898787469739746658e+00,1.723928368624954999e+01,2.054393289396687194e+01,6.221678341978357452e+01,2.748711223061457076e+02
3.998677146212032518e+00,1.678208872671490681e+01,1.981340512129477105e+01,6.340450615199032569e+01,2.729204126470297069e+02
4.098560743685243146e+00,1.632296132509671693e+01,1.905201943757291971e+01,6.462501923733037756e+01,2.708725226601298459e+02
4.198438110950915458e+00,1.586164519920549765e+01,1.825858765199420830e+01,6.587976714880029760e+01,2.687257097897235667e+02
4.298309096857314771e+00,1.539788008910598904e+01,1.743185172193177124e+01,6.717026818896223972e+01,2.664781803620136316e+02
4.398173550310795044e+00,1.493140157933617296e+01,1.657047952348140285e+01,6.849811889718242242e+01,2.641280938044745881e+02
4.498031320277168454e+00,1.446194094689646015e+01,1.567306033462763892e+01,6.986499871847590271e+01,2.616735677342689428e+02
4.597882255783063421e+00,1.398922503979428988e+01,1.473810001371663247e+01,7.127267494648907586e+01,2.591126840507166662e+02
4.697726205917286180e+00,1.351297619172087039e+01,1.376401585536773631e+01,7.272300795291138797e+01,2.564434961849191268e+02
4.797563019832182363e+00,1.303291217933201196e+01,1.274913110552104456e+01,7.421795671514693993e+01,2.536640376801342995e+02
4.897392546744996800e+00,1.254874622962084096e+01,1.169166911703697131e+01,7.575958465334218772e+01,2.507723322994665693e+02
4.997214635939223548e+00,1.206018708601615330e+01,1.058974712717804678e+01,7.735006578680581413e+01,2.477664058831446425e+02
5.097029136765969248e+00,1.156693914313491689e+01,9.441369638472405512e+00,7.899169121839267405e+01,2.446443002065172152e+02
5.196835898645304042e+00,1.106870266157138794e+01,8.244421384941098552e+00,8.068687595348751529e+01,2.414040891219020466e+02
5.296634771067609826e+00,1.056517407573599954e+01,6.996659866545595463e+00,8.243816605771840500e+01,2.380438973031445471e+02
5.396425603594937392e+00,1.068333320907431983e+01,7.616243942217805873e+00,8.170042284870787341e+01,2.401877120998137229e+02
5.496208245862351127e+00,1.100732751848886082e+01,8.867808584538710903e+00,8.012486389697242828e+01,2.442456081749835732e+02
5.595982547579276378e+00,1.131461052298029202e+01,1.007553808974604515e+01,7.860985138727365040e+01,2.482355177188599953e+02
5.695748358530851263e+00,1.160603816562714563e+01,1.124177640093571462e+01,7.715218543343713975e+01,2.521579474132107634e+02
5.795505528579258936e+00,1.188242100067621543e+01,1.236871322010671648e+01,7.574886577921706987e+01,2.560135785101792862e+02
5.895253907665082949e+00,1.214452619178651638e+01,1.345839518306525306e+01,7.439707862514822523e+01,2.598032351577121517e+02
5.994993345808638630e+00,1.239307953319778655e+01,1.451273623169158711e+01,7.309418423511063168e+01,2.635278572291892374e+02
6.094723693111312457e+00,1.262876746558021779e+01,1.553352722890179649e+01,7.183770530551798572e+01,2.671884770613608566e+02
6.194444799756905873e+00,1.285223906466877786e+01,1.652244486237026422e+01,7.062531607296097036e+01,2.707861995787609999e+02
6.294156516012963110e+00,1.306410798600603584e+01,1.748105988283589340e+01,6.945483213115807075e+01,2.743221853486830355e+02
6.393858692232106122e+00,1.326495435338891404e+01,1.841084472185361776e+01,6.832420092475747708e+01,2.777976361692341243e+02
6.493551178853365968e+00,1.345532658208556143e+01,1.931318053236724808e+01,6.723149288554719760e+01,2.812137828445496552e+02
6.593233826403512410e+00,1.363574313069208799e+01,2.018936369364253025e+01,6.617489317566538887e+01,2.845718748465224053e+02
6.692906485498384406e+00,1.380669417774642049e+01,2.104061182002242703e+01,6.515269400223114360e+01,2.878731716021053444e+02
6.792569006844207280e+00,1.396864322100362088e+01,2.186806931076326421e+01,6.416328746823312201e+01,2.911189351799567930e+02
6.892221241238922325e+00,1.412202859868343019e+01,2.267281247594033644e+01,6.320515892537623870e+01,2.943104241804688854e+02
6.991863039573508409e+00,1.426726493309567800e+01,2.345585427114188448e+01,6.227688079576243751e+01,2.974488886595538020e+02
7.091494252833295597e+00,1.440474449788931643e+01,2.421814867143893224e+01,6.137710683067175665e+01,3.005355659395131056e+02
7.191114732099286755e+00,1.453483851080048517e+01,2.496059471295107457e+01,6.050456677624843849e+01,3.035716771801850768e+02
7.290724328549469391e+00,1.465789835424030052e+01,2.568404022825451705e+01,5.965806141750518066e+01,3.065584246008318132e+02
7.390322893460136378e+00,1.477425672638824317e+01,2.638928529990181104e+01,5.883645797370995467e+01,3.094969892582045077e+02
7.489910278207176475e+00,1.488422872567811339e+01,2.707708545445964887e+01,5.803868581986223774e+01,3.123885292991668052e+02
7.589486334267411038e+00,1.498811287169276341e+01,2.774815461772092107e+01,5.726373251058631553e+01,3.152341786174749245e+02
7.689050913219872108e+00,1.508619206555126802e+01,2.840316785010803358e+01,5.651064008434070018e+01,3.180350458540272598e+02
7.788603866747125792e+00,1.517873449288072152e+01,2.904276387976639739e+01,5.577850162735288109e+01,3.207922136882619952e+02
7.888145046636561020e+00,1.526599447243556007e+01,2.966754744942805999e+01,5.506645807813638527e+01,3.235067383756944537e+02
7.987674304781701373e+00,1.534821325336732301e+01,3.027809149182192883e+01,5.437369525481074106e+01,3.261796494927690446e+02
8.087191493183485846e+00,1.542561976406149427e+01,3.087493914719649979e+01,5.369944108874200595e+01,3.288119498557250608e+02
8.186696463951571801e+00,1.549843131535900476e+01,3.145860563540896493e+01,5.304296304923204275e+01,3.314046155847514683e+02
8.286189069305631705e+00,1.556685426086733770e+01,3.202957999400930333e+01,5.240356574512335897e+01,3.339585962888600648e+02
8.385669161576629449e+00,1.563108461694580065e+01,3.258832669280815963e+01,5.178058869024603439e+01,3.364748153502886794e+02
8.485136593208121525e+00,1.569130864482633747e+01,3.313528713455069408e+01,5.117340422062296312e+01,3.389541702903691771e+02
8.584591216757525345e+00,1.574770339720680212e+01,3.367088105052689428e+01,5.058141555226630715e+01,3.413975332013111483e+02
8.684032884897414206e+00,1.580043723152622093e+01,3.419550779922330719e+01,5.000405496925046833e+01,3.438057512306699550e+02
8.783461450416796268e+00,1.584967029201193078e+01,3.470954757545305114e+01,4.944078213253501985e+01,3.461796471071618271e+02
8.882876766222377540e+00,1.589555496246486754e+01,3.521336253679196204e+01,4.889108250074317397e+01,3.485200196981970748e+02
8.982278685339849744e+00,1.593823629163653699e+01,3.570729785359257846e+01,4.835446585477087922e+01,3.508276445909061181e+02
9.081667060915158629e+00,1.597785239293627590e+01,3.619168268833315949e+01,4.783046491873055572e+01,3.531032746897427614e+02
9.181041746215761634e+00,1.601453482010311546e+01,3.666683110959434089e+01,4.731863407030254365e+01,3.553476408247674954e+02
9.280402594631913971e+00,1.604840892037263700e+01,3.713304294552719398e+01,4.681854813410015481e+01,3.575614523656293500e+02
9.379749459677913848e+00,1.607959416657364926e+01,3.759060458128369930e+01,4.632980125214265854e+01,3.597453978371659105e+02
9.479082194993370791e+00,1.610820446949757923e+01,3.803978970452421038e+01,4.585200582597821750e+01,3.619001455330569570e+02
9.578400654344461529e+00,1.613434847179625820e+01,3.848086000278676266e+01,4.538479152541698625e+01,3.640263441247370224e+02
9.677704691625187650e+00,1.615812982458374947e+01,3.891406581620339011e+01,4.492780435921285687e+01,3.661246232631304451e+02
9.776994160858622607e+00,1.617964744783970943e+01,3.933964674877368850e+01,4.448070580338660562e+01,3.681955941713034690e+02
9.876268916198162273e+00,1.619899577564068593e+01,3.975783224115271253e+01,4.404317198320660509e+01,3.702398502264634317e+02
9.975528811928775497e+00,1.621626498717839837e+01,4.016884210768142793e+01,4.361489290514017370e+01,3.722579675300385134e+02
1.007477370246824044e+01,1.623154122445975744e+01,4.057288704017387460e+01,4.319557173536637862e+01,3.742505054648876239e+02
1.017400344236839516e+01,1.624490679752610589e+01,4.097016908078278163e+01,4.278492412169111958e+01,3.762180072388845815e+02
1.027321788631636146e+01,1.625644037797196617e+01,4.136088206608815199e+01,4.238267755593989250e+01,3.781610004143173569e+02
1.037241688913579019e+01,1.626621718149355544e+01,4.174521204438557476e+01,4.198857077412087335e+01,3.800799974227595612e+02
1.047160030578808509e+01,1.627430914014774999e+01,4.212333766800787771e+01,4.160235319184435809e+01,3.819754960651404758e+02
1.057076799137364453e+01,1.628078506495842959e+01,4.249543056237020977e+01,4.122378437267136064e+01,3.838479799969210262e+02
1.066991980113306226e+01,1.628571079946458511e+01,4.286165567330422022e+01,4.085263352723119823e+01,3.856979191983493251e+02
1.076905559044837979e+01,1.628914936476513375e+01,4.322217159413248311e+01,4.048867904110238669e+01,3.875257704298666113e+02
1.086817521484427651e+01,1.629116109657993050e+01,4.357713087382298056e+01,4.013170802959709960e+01,3.893319776727781800e+02
1.096727852998931141e+01,1.629180377481120701e+01,4.392668030747017127e+01,3.978151591771861462e+01,3.911169725554373144e+02
1.106636539169711675e+01,1.629113274605890638e+01,4.427096121025444830e+01,3.943790604368665242e+01,3.928811747651041060e+02
1.116543565592761844e+01,1.628920103951394438e+01,4.461010967595085219e+01,3.910068928453519277e+01,3.946249924458280134e+02
1.126448917878823330e+01,1.628605947662476083e+01,4.494425682097914176e+01,3.876968370239609385e+01,3.963488225826134794e+02
1.136352581653508942e+01,1.628175677490859385e+01,4.527352901491896375e+01,3.844471421017244239e+01,3.980530513722189312e+02
1.146254542557419498e+01,1.627633964625330165e+01,4.559804809834563599e+01,3.812561225540105880e+01,3.997380545809270984e+02
1.156154786246267641e+01,1.626985289003475899e+01,4.591793158878363101e+01,3.781221552118160645e+01,4.014041978896613045e+02
1.166053298390993120e+01,1.626233948135304885e+01,4.623329287551873534e+01,3.750436764312821225e+01,4.030518372267891323e+02
1.175950064677884832e+01,1.625384065467186190e+01,4.654424140395826015e+01,3.720191794136987085e+01,4.046813190890140959e+02
1.185845070808697876e+01,1.624439598312743627e+01,4.685088285018095178e+01,3.690472116669161551e+01,4.062929808507105918e+02
1.195738302500772221e+01,1.623404345375642421e+01,4.715331928627495728e+01,3.661263725996860785e+01,4.078871510620869572e+02
1.205629745487150828e+01,1.622281953887633676e+01,4.745164933702042731e+01,3.632553112410323592e+01,4.094641497365467444e+02
1.215519385516697248e+01,1.621075926383784704e+01,4.774596832843764105e+01,3.604327240772452257e+01,4.110242886276136005e+02
1.225407208354212685e+01,1.619789627135435239e+01,4.803636842868350953e+01,3.576573529996213807e+01,4.125678714957917919e+02
1.235293199780553763e+01,1.618426288260161527e+01,4.832293878175141799e+01,3.549279833564696673e+01,4.140951943656986032e+02
1.245177345592747642e+01,1.616989015526824147e+01,4.860576563439431652e+01,3.522434421033744201e+01,4.156065457738449709e+02
1.255059631604109782e+01,1.615480793872664123e+01,4.888493245666793996e+01,3.496025960460541171e+01,4.171022070073866530e+02
1.264940043644359058e+01,1.613904492648440225e+01,4.916052005646244538e+01,3.470043501705315236e+01,4.185824523341761392e+02
1.274818567559733395e+01,1.612262870606483034e+01,4.943260668836705918e+01,3.444476460556810338e+01,4.200475492244536326e+02
1.284695189213105238e+01,1.610558580645836813e+01,4.970126815719162039e+01,3.419314603635000793e+01,4.214977585644801934e+02
1.294569894484095762e+01,1.608794174327624305e+01,4.996657791644633306e+01,3.394548034027743455e+01,4.229333348624124369e+02
1.304442669269190347e+01,1.606972106173086701e+01,5.022860716206415077e+01,3.370167177620496801e+01,4.243545264467310290e+02
1.314313499481850833e+01,1.605094737756039436e+01,5.048742492162929807e+01,3.346162770081031113e+01,4.257615756574868442e+02
1.324182371052632057e+01,1.603164341600648868e+01,5.074309813936201863e+01,3.322525844463148559e+01,4.271547190306507673e+02
1.334049269929292691e+01,1.601183104894936093e+01,5.099569175709201119e+01,3.299247719395862077e+01,4.285341874758426002e+02
1.343914182076909114e+01,1.599153133029743223e+01,5.124526879143962788e+01,3.276319987826293101e+01,4.299002064476683813e+02
1.353777093477988558e+01,1.597076452972345173e+01,5.149189040741001122e+01,3.253734506286652106e+01,4.312529961109349870e+02
1.363637990132580491e+01,1.594955016483280197e+01,5.173561598859299693e+01,3.231483384657419577e+01,4.325927714999849627e+02
1.373496858058389058e+01,1.592790703184674150e+01,5.197650320415021241e+01,3.209558976400304431e+01,4.339197426723495141e+02
1.383353683290884284e+01,1.590585323487591118e+01,5.221460807275929739e+01,3.187953869236480031e+01,4.352341148569690858e+02
1.393208451883413623e+01,1.588340621385738238e+01,5.244998502367587889e+01,3.166660876246673695e+01,4.365360885971854259e+02
1.403061149907311567e+01,1.586058277122370797e+01,5.268268695506290555e+01,3.145673027371338293e+01,4.378258598887073845e+02
1.412911763452011371e+01,1.583739909736718943e+01,5.291276528973077120e+01,3.124983561290204293e+01,4.391036203127263207e+02
1.422760278625154307e+01,1.581387079496172632e+01,5.314027002841952196e+01,3.104585917661874461e+01,4.403695571644248616e+02
1.432606681552699257e+01,1.579001290219856379e+01,5.336524980075127189e+01,3.084473729705018030e+01,4.416238535769762166e+02
1.442450958379031789e+01,1.576583991499063764e+01,5.358775191396821924e+01,3.064640817104115200e+01,4.428666886412913755e+02
1.452293095267072864e+01,1.574136580819656928e+01,5.380782239957198243e+01,3.045081179223144829e+01,4.440982375216153173e+02
1.462133078398387909e+01,1.571660405591270226e+01,5.402550605796481165e+01,3.025788988612250208e+01,4.453186715671793650e+02
1.471970893973294281e+01,1.569156765087939220e+01,5.424084650119611695e+01,3.006758584792448374e+01,4.465281584200196789e+02
1.481806528210968033e+01,1.566626912304404939e+01,5.445388619390524099e+01,2.987984468305069896e+01,4.477268621191502120e+02
1.491639967349553331e+01,1.564072055732254896e+01,5.466466649255079346e+01,2.969461295012665403e+01,4.489149432011927843e+02
1.501471197646266909e+01,1.561493361059764773e+01,5.487322768300831655e+01,2.951183870639403750e+01,4.500925587976362863e+02
1.511300205377504824e+01,1.558891952799047154e+01,5.507960901661766684e+01,2.933147145539184919e+01,4.512598627288178932e+02
1.521126976838949929e+01,1.556268915844079004e+01,5.528384874475167265e+01,2.915346209680753020e+01,4.524170055947808464e+02
1.530951498345676676e+01,1.553625296962806779e+01,5.548598415197986355e+01,2.897776287839208109e+01,4.535641348631111214e+02
1.540773756232255565e+01,1.550962106226498882e+01,5.568605158789095100e+01,2.880432734984406196e+01,4.547013949538695101e+02
1.550593736852857951e+01,1.548280318379281972e+01,5.588408649764010505e+01,2.863311031856707345e+01,4.558289273217318396e+02
1.560411426581361738e+01,1.545580874150617667e+01,5.608012345127853848e+01,2.846406780721527241e+01,4.569468705354474309e+02
1.570226811811453338e+01,1.542864681513482772e+01,5.627419617192265378e+01,2.829715701294252383e+01,4.580553603547026000e+02
1.580039878956733723e+01,1.540132616890617889e+01,5.646633756281757854e+01,2.813233626827623723e+01,4.591545298044947003e+02
1.589850614450817368e+01,1.537385526311372885e+01,5.665657973334393915e+01,2.796956500354232844e+01,4.602445092471149906e+02
1.599659004747440605e+01,1.534624226521321333e+01,5.684495402401736897e+01,2.780880371076941415e+01,4.613254264518187711e+02
1.609465036320558085e+01,1.531849506046832943e+01,5.703149103052608382e+01,2.765001390900558320e+01,4.623974066622670307e+02
1.619268695664449353e+01,1.529062126216651230e+01,5.721622062684962629e+01,2.749315811098387385e+01,4.634605726618417521e+02
1.629069969293815845e+01,1.526262822142378006e+01,5.739917198750007543e+01,2.733819979107613918e+01,4.645150448368783600e+02
1.638868843743886927e+01,1.523452303659771090e+01,5.758037360892463852e+01,2.718510335447765058e+01,4.655609412379316723e+02
1.648665305570514406e+01,1.520631256232530859e+01,5.775985333010684997e+01,2.703383410756784855e+01,4.665983776391074684e+02
1.658459341350278393e+01,1.517800341820295706e+01,5.793763835240112314e+01,2.688435822939591446e+01,4.676274675955632461e+02
1.668250937680583235e+01,1.514960199712411182e+01,5.811375525863486047e+01,2.673664274424103482e+01,4.686483224992260830e+02
1.678040081179757337e+01,1.512111447328983260e+01,5.828823003150828441e+01,2.659065549520188654e+01,4.696610516327893379e+02
1.687826758487154066e+01,1.509254680990603248e+01,5.846108807132488749e+01,2.644636511876908713e+01,4.706657622220592998e+02
1.697610956263247317e+01,1.506390476658198097e+01,5.863235421307801687e+01,2.630374102033999861e+01,4.716625594867158497e+02
1.707392661189731342e+01,1.503519390644226306e+01,5.880205274292349316e+01,2.616275335063423313e+01,4.726515466895175450e+02
1.717171859969616676e+01,1.500641960296441546e+01,5.897020741406262800e+01,2.602337298297294765e+01,4.736328251840416783e+02
1.726948539327328902e+01,1.497758704655493034e+01,5.913684146206160364e+01,2.588557149138346958e+01,4.746064944609814802e+02
1.736722686008803862e+01,1.494870125087390811e+01,5.930197761962941172e+01,2.574932112949667840e+01,4.755726521930625950e+02
1.746494286781583938e+01,1.491976705891920396e+01,5.946563813087821870e+01,2.561459481020257201e+01,4.765313942786270331e+02
1.756263328434915749e+01,1.489078914888077776e+01,5.962784476508612386e+01,2.548136608603310194e+01,4.774828148839399091e+02
1.766029797779842170e+01,1.486177203977411310e+01,5.978861882998439370e+01,2.534960913024148965e+01,4.784270064842361307e+02
1.775793681649299316e+01,1.483272009686265136e+01,5.994798118458620451e+01,2.521929871855113703e+01,4.793640599035865080e+02
1.785554966898209628e+01,1.480363753687757011e+01,6.010595225157805288e+01,2.509041021154437345e+01,4.802940643535877143e+02
1.795313640403578148e+01,1.477452843304361352e+01,6.026255202928945209e+01,2.496291953766693439e+01,4.812171074709488039e+02
1.805069689064582761e+01,1.474539671991876233e+01,6.041780010325861383e+01,2.483680317682263095e+01,4.821332753539851979e+02
1.814823099802668338e+01,1.471624619805557721e+01,6.057171565741034414e+01,2.471203814453408043e+01,4.830426525980734596e+02
1.824573859561641953e+01,1.468708053849142026e+01,6.072431748486085468e+01,2.458860197664772684e+01,4.839453223301010212e+02
1.834321955307760277e+01,1.465790328707448431e+01,6.087562399836479443e+01,2.446647271456071948e+01,4.848413662419305297e+02
1.844067374029825146e+01,1.462871786863220436e+01,6.102565324041852080e+01,2.434562889094927129e+01,4.857308646229238889e+02
1.853810102739272025e+01,1.459952759098903030e+01,6.117442289303131986e+01,2.422604951597964984e+01,4.866138963915698810e+02
1.863550128470263090e+01,1.457033564883856158e+01,6.132195028718072649e+01,2.410771406398071903e+01,4.874905391262024068e+02
1.873287438279774619e+01,1.454114512747681154e+01,6.146825241196004441e+01,2.399060246056314227e+01,4.883608690948893241e+02
1.883022019247690437e+01,1.451195900640157355e+01,6.161334592343345662e+01,2.387469507016495385e+01,4.892249612844936451e+02
1.892753858476886819e+01,1.448278016278347025e+01,6.175724715320723845e+01,2.375997268400929485e+01,4.900828894289188042e+02
1.902482943093325574e+01,1.445361137481357439e+01,6.189997211672899624e+01,2.364641650845742760e+01,4.909347260366114938e+02
1.912209260246140019e+01,1.442445532493278293e+01,6.204153652132534802e+01,2.353400815374187616e+01,4.917805424172842095e+02
1.921932797107723090e+01,1.439531460294703535e+01,6.218195577398631002e+01,2.342272962306665818e+01,4.926204087079500482e+02
1.931653540873815800e+01,1.436619170903329135e+01,6.232124498890786413e+01,2.331256330205885163e+01,4.934543938982286591e+02
1.941371478763591796e+01,1.433708905664020072e+01,6.245941899480036597e+01,2.320349194855945285e+01,4.942825658549846253e+02
1.951086598019748664e+01,1.430800897528799176e+01,6.259649234197092227e+01,2.309549868274109485e+01,4.951049913463191956e+02
1.960798885908587152e+01,1.427895371327078067e+01,6.273247930918935822e+01,2.298856697753984690e+01,4.959217360649126931e+02
1.970508329720103546e+01,1.424992544026545893e+01,6.286739391034491575e+01,2.288268064938961643e+01,4.967328646507606891e+02
1.980214916768070310e+01,1.422092624985093146e+01,6.300124990090066746e+01,2.277782384924839931e+01,4.975384407133032028e+02
1.989918634390121710e+01,1.419195816194042870e+01,6.313406078415415834e+01,2.267398105390540053e+01,4.983385268529916061e+02
1.999619469947839079e+01,1.416302312513102457e+01,6.326583981730986750e+01,2.257113705755910971e+01,4.991331846822871512e+02
2.009317410826832884e+01,1.413412301897266588e+01,6.339660001737144057e+01,2.246927696365590066e+01,4.999224748461140280e+02
2.019012444436827991e+01,1.410525965616043820e+01,6.352635416685880188e+01,2.236838617698076348e+01,5.007064570417874734e+02
2.028704558211743603e+01,1.407643478465225506e+01,6.365511481935740790e+01,2.226845039599033527e+01,5.014851900384435908e+02
2.038393739609776389e+01,1.404765008971553897e+01,6.378289430490458045e+01,2.216945560537989479e+01,5.022587316959558734e+02
2.048079976113485046e+01,1.401890719590475065e+01,6.390970473521928596e+01,2.207138806887595450e+01,5.030271389833914668e+02
2.057763255229867028e+01,1.399020766897294799e+01,6.403555800878027071e+01,2.197423432224678663e+01,5.037904679969872745e+02
2.067443564490443109e+01,1.396155301771911361e+01,6.416046581575810137e+01,2.187798116652277969e+01,5.045487739776818330e+02
2.077120891451333762e+01,1.393294469577451622e+01,6.428443964280587863e+01,2.178261566141960870e+01,5.053021113282111969e+02
2.086795223693344070e+01,1.390438410332949992e+01,6.440749077771334896e+01,2.168812511895714579e+01,5.060505336297765098e+02
2.096466548822037979e+01,1.387587258880325614e+01,6.452963031392968674e+01,2.159449709726705890e+01,5.067940936583018470e+02
2.106134854467820716e+01,1.384741145045867405e+01,6.465086915495814424e+01,2.150171939458317993e+01,5.075328434002893232e+02
2.115800128286014825e+01,1.381900193796388798e+01,6.477121801862838879e+01,2.140978004340771790e+01,5.082668340682908479e+02
2.125462357956937964e+01,1.379064525390331575e+01,6.489068744124870136e+01,2.131866730484797756e+01,5.089961161160004508e+02
2.135121531185984267e+01,1.376234255523860739e+01,6.500928778164424671e+01,2.122836966311714946e+01,5.097207392529798540e+02
2.144777635703695040e+01,1.373409495472265895e+01,6.512702922508344727e+01,2.113887582019388844e+01,5.104407524590212120e+02
2.154430659265839409e+01,1.370590352226752628e+01,6.524392178709625512e+01,2.105017469063622571e+01,5.111562039981940870e+02
2.164080589653488929e+01,1.367776928626821231e+01,6.535997531718921039e+01,2.096225539654257375e+01,5.118671414325114597e+02
2.173727414673093605e+01,1.364969323488365838e+01,6.547519950245920484e+01,2.087510726265713501e+01,5.125736116353117495e+02
2.183371122156555089e+01,1.362167631727679584e+01,6.558960387110943202e+01,2.078871981161375970e+01,5.132756608042983544e+02
2.193011699961301986e+01,1.359371944481478067e+01,6.570319779587130427e+01,2.070308275931390796e+01,5.139733344742845702e+02
2.202649135970365890e+01,1.356582349223074502e+01,6.581599049733493700e+01,2.061818601043431087e+01,5.146666775296380365e+02
2.212283418092450660e+01,1.353798929874877111e+01,6.592799104719151160e+01,2.053401965405969776e+01,5.153557342164219790e+02
2.221914534262008800e+01,1.351021766917305733e+01,6.603920837138863931e+01,2.045057395943831580e+01,5.160405481542819643e+02
2.231542472439312519e+01,1.348250937494258395e+01,6.614965125320443917e+01,2.036783937185296267e+01,5.167211623480235403e+02
2.241167220610524780e+01,1.345486515515256443e+01,6.625932833624010243e+01,2.028580650860733314e+01,5.173976191989497693e+02
2.250788766787773199e+01,1.342728571754369682e+01,6.636824812733456724e+01,2.020446615512173238e+01,5.180699605159245493e+02
2.260407099009217546e+01,1.339977173946020628e+01,6.647641899940461485e+01,2.012380926113517177e+01,5.187382275261917357e+02
2.270022205339123289e+01,1.337232386877822776e+01,6.658384919421045822e+01,2.004382693701131402e+01,5.194024608859484715e+02
2.279634073867929445e+01,1.334494272480489840e+01,6.669054682505179699e+01,1.996451045014330106e+01,5.200627006906651104e+02
2.289242692712320704e+01,1.331762889914963388e+01,6.679651987939401181e+01,1.988585122145637030e+01,5.207189864851943639e+02
2.298848050015291733e+01,1.329038295656823365e+01,6.690177622142830671e+01,1.980784082200345608e+01,5.213713572736378410e+02
2.308450133946219651e+01,1.326320543578095013e+01,6.700632359456716358e+01,1.973047096965188274e+01,5.220198515290027217e+02
2.318048932700930820e+01,1.323609685026518612e+01,6.711016962387670048e+01,1.965373352585812228e+01,5.226645072026354910e+02
2.327644434501767989e+01,1.320905768902388111e+01,6.721332181844866227e+01,1.957762049252745484e+01,5.233053617334536511e+02
2.337236627597656380e+01,1.318208841733020087e+01,6.731578757371322297e+01,1.950212400895656728e+01,5.239424520569720016e+02
2.346825500264171183e+01,1.315518947744936185e+01,6.741757417369447580e+01,1.942723634885617656e+01,5.245758146141272391e+02
2.356411040803604351e+01,1.312836128933834523e+01,6.751868879321048666e+01,1.935294991745116633e+01,5.252054853599181570e+02
2.365993237545028194e+01,1.310160425132466600e+01,6.761913850001907633e+01,1.927925724865624701e+01,5.258314997718556469e+02
2.375572078844360391e+01,1.307491874076382210e+01,6.771893025691163359e+01,1.920615100232453543e+01,5.264538928582206836e+02
2.385147553084429362e+01,1.304830511467739207e+01,6.781807092375611035e+01,1.913362396156648870e+01,5.270726991661543934e+02
2.394719648675038570e+01,1.302176371037133151e+01,6.791656725949003715e+01,1.906166903013862779e+01,5.276879527895833917e+02
2.404288354053027277e+01,1.299529484603599272e+01,6.801442592406640131e+01,1.899027922989759531e+01,5.282996873769467356e+02
2.413853657682336618e+01,1.296889882132772698e+01,6.811165348035240186e+01,1.891944769831986051e+01,5.289079361387900917e+02
2.423415548054070712e+01,1.294257591793315854e+01,6.820825639598319867e+01,1.884916768608362858e+01,5.295127318551820963e+02
2.432974013686556702e+01,1.291632640011660449e+01,6.830424104517152273e+01,1.877943255471188877e+01,5.301141068829757614e+02
2.442529043125409416e+01,1.289015051525072231e+01,6.839961371047496641e+01,1.871023577427432372e+01,5.307120931629259530e+02
2.452080624943589626e+01,1.286404849433186470e+01,6.849438058452108180e+01,1.864157092114705350e+01,5.313067222266479348e+02
2.461628747741466583e+01,1.283802055247953078e+01,6.858854777169307226e+01,1.857343167582738275e+01,5.318980252034334626e+02
2.471173400146874854e+01,1.281206688942134519e+01,6.868212128977523889e+01,1.850581182080341236e+01,5.324860328269367074e+02
2.480714570815177211e+01,1.278618768996341259e+01,6.877510707156106662e+01,1.843870523847553500e+01,5.330707754417031765e+02
2.490252248429319692e+01,1.276038312444663170e+01,6.886751096642413472e+01,1.837210590912923536e+01,5.336522830095805148e+02
2.499786421699893424e+01,1.273465334919011482e+01,6.895933874185223544e+01,1.830600790895765684e+01,5.342305851159898111e+02
2.509317079365190395e+01,1.270899850692054578e+01,6.905059608494762813e+01,1.824040540813182076e+01,5.348057109760776484e+02
2.518844210191260657e+01,1.268341872718987062e+01,6.914128860389232045e+01,1.817529266891780182e+01,5.353776894407235432e+02
2.528367802971970590e+01,1.265791412677999794e+01,6.923142182938009626e+01,1.811066404383989337e+01,5.359465490024572318e+02
2.537887846529057256e+01,1.263248481009589774e+01,6.932100121601722265e+01,1.804651397388687428e+01,5.365123178012241851e+02
2.547404329712187021e+01,1.260713086954744178e+01,6.941003214369015950e+01,1.798283698676240405e+01,5.370750236300626739e+02
2.556917241399006002e+01,1.258185238591929789e+01,6.949851991890469094e+01,1.791962769517601473e+01,5.376346939406477077e+02
2.566426570495199400e+01,1.255664942873108636e+01,6.958646977609330975e+01,1.785688079517560212e+01,5.381913558487342470e+02
2.575932305934545496e+01,1.253152205658607876e+01,6.967388687889507537e+01,1.779459106451885120e+01,5.387450361394942320e+02
2.585434436678966108e+01,1.250647031751035954e+01,6.976077632140643914e+01,1.773275336108319422e+01,5.392957612727436754e+02
2.594932951718582004e+01,1.248149424928192808e+01,6.984714312940513992e+01,1.767136262131291957e+01,5.398435573880631182e+02
2.604427840071764777e+01,1.245659387975009125e+01,6.993299226154698545e+01,1.761041385870291975e+01,5.403884503098375944e+02
2.613919090785192623e+01,1.243176922714611443e+01,7.001832861053681256e+01,1.754990216231708189e+01,5.409304655521632412e+02
2.623406692933894746e+01,1.240702030038425718e+01,7.010315700427379682e+01,1.748982269534194600e+01,5.414696283237050238e+02
2.632890635621309627e+01,1.238234709935458433e+01,7.018748220697275997e+01,1.743017069367265037e+01,5.420059635324060991e+02
2.642370907979332983e+01,1.235774961520714932e+01,7.027130892026032427e+01,1.737094146453252819e+01,5.425394957901662565e+02
2.651847499168366085e+01,1.233322783062805250e+01,7.035464178424852832e+01,1.731213038512342806e+01,5.430702494173755213e+02
2.661320398377368690e+01,1.230878172010751648e+01,7.043748537858532188e+01,1.725373290130717407e+01,5.435982484473928480e+02
2.670789594823906299e+01,1.228441125020029290e+01,7.051984422348255066e+01,1.719574452631715644e+01,5.441235166309417082e+02
2.680255077754199178e+01,1.226011637977870805e+01,7.060172278072242591e+01,1.713816083949886604e+01,5.446460774404021095e+02
2.689716836443169967e+01,1.223589706027831525e+01,7.068312545464297614e+01,1.708097748507871927e+01,5.451659540740308785e+02
2.699174860194493775e+01,1.221175323593655548e+01,7.076405659310258045e+01,1.702419017096085341e+01,5.456831694601135041e+02
2.708629138340641518e+01,1.218768484402471053e+01,7.084452048842456406e+01,1.696779466755070587e+01,5.461977462610220755e+02
2.718079660242928597e+01,1.216369181507310238e+01,7.092452137832223968e+01,1.691178680660466327e+01,5.467097068772060311e+02
2.727526415291562500e+01,1.213977407309002032e+01,7.100406344680448001e+01,1.685616248010549256e+01,5.472190734511038954e+02
2.736969392905684373e+01,1.211593153577425142e+01,7.108315082506332772e+01,1.680091763916243153e+01,5.477258678709869173e+02
2.746408582533419462e+01,1.209216411472177022e+01,7.116178759234246343e+01,1.674604829293576458e+01,5.482301117747366561e+02
2.755843973651916201e+01,1.206847171562638898e+01,7.123997777678899013e+01,1.669155050758462622e+01,5.487318265535299133e+02
2.765275555767393101e+01,1.204485423847487624e+01,7.131772535628677190e+01,1.663742040523835897e+01,5.492310333554929684e+02
2.774703318415184228e+01,1.202131157773629688e+01,7.139503425927409808e+01,1.658365416298959971e+01,5.497277530892522464e+02
2.784127251159777572e+01,1.199784362254638559e+01,7.147190836554365490e+01,1.653024801190994708e+01,5.502220064274455353e+02
2.793547343594861232e+01,1.197445025688630160e+01,7.154835150702749047e+01,1.647719823608621326e+01,5.507138138101638560e+02
2.802963585343365338e+01,1.195113135975654650e+01,7.162436746856548098e+01,1.642450117167797785e+01,5.512031954483137497e+02
2.812375966057501131e+01,1.192788680534605916e+01,7.169995998865881859e+01,1.637215320599510804e+01,5.516901713269488710e+02
2.821784475418804661e+01,1.190471646319621080e+01,7.177513276020867750e+01,1.632015077659510993e+01,5.521747612085257515e+02
2.831189103138175511e+01,1.188162019836060956e+01,7.184988943123995853e+01,1.626849037039944079e+01,5.526569846360893052e+02
2.840589838955917656e+01,1.185859787155994205e+01,7.192423360561099344e+01,1.621716852282907340e+01,5.531368609364300255e+02
2.849986672641780316e+01,1.183564933933301333e+01,7.199816884370918046e+01,1.616618181695780265e+01,5.536144092231569402e+02
2.859379593994993485e+01,1.181277445418290384e+01,7.207169866313326168e+01,1.611552688268383449e+01,5.540896483997385076e+02
2.868768592844309850e+01,1.178997306471954509e+01,7.214482653936200052e+01,1.606520039591845972e+01,5.545625971624757540e+02
2.878153659048041746e+01,1.176724501579793447e+01,7.221755590641025435e+01,1.601519907779182006e+01,5.550332740034319841e+02
2.887534782494097740e+01,1.174459014865270667e+01,7.228989015747198721e+01,1.596551969387531500e+01,5.555016972133037143e+02
2.896911953100019943e+01,1.172200830102892333e+01,7.236183264555118910e+01,1.591615905341989468e+01,5.559678848842447678e+02
2.906285160813024149e+01,1.169949930730874854e+01,7.243338668408088665e+01,1.586711400861036658e+01,5.564318549126439848e+02
2.915654395610028260e+01,1.167706299863543684e+01,7.250455554752949183e+01,1.581838145383506244e+01,5.568936250018537066e+02
2.925019647497695630e+01,1.165469920303285889e+01,7.257534247199696154e+01,1.576995832497017425e+01,5.573532126648648273e+02
2.934380906512465970e+01,1.163240774552248347e+01,7.264575065579808211e+01,1.572184159867943087e+01,5.578106352269542185e+02
2.943738162720588747e+01,1.161018844823645324e+01,7.271578326003653103e+01,1.567402829172700507e+01,5.582659098282533705e+02
2.953091406218162263e+01,1.158804113052811147e+01,7.278544340916614885e+01,1.562651546030574501e+01,5.587190534263143036e+02
2.962440627131161364e+01,1.156596560907878057e+01,7.285473419154369878e+01,1.557930019937753308e+01,5.591700827985961268e+02
2.971785815615475812e+01,1.154396169800217820e+01,7.292365865996950447e+01,1.553237964202832089e+01,5.596190145449371585e+02
2.981126961856938351e+01,1.152202920894530891e+01,7.299221983221957544e+01,1.548575095883511565e+01,5.600658650899607665e+02
2.990464056071357746e+01,1.150016795118698454e+01,7.306042069156684704e+01,1.543941135724617197e+01,5.605106506854631334e+02
2.999797088504554665e+01,1.147837773173334774e+01,7.312826418729328282e+01,1.539335808097338720e+01,5.609533874127409945e+02
3.009126049432386196e+01,1.145665835541094424e+01,7.319575323519198662e+01,1.534758840939706204e+01,5.613940911849011854e+02
3.018450929160778529e+01,1.143500962495675921e+01,7.326289071806137088e+01,1.530209965698188768e+01,5.618327777491070947e+02
3.027771718025762482e+01,1.141343134110621804e+01,7.332967948618865250e+01,1.525688917270514011e+01,5.622694626888152243e+02
3.037088406393495532e+01,1.139192330267840880e+01,7.339612235782588812e+01,1.521195433949570130e+01,5.627041614259528615e+02
3.046400984660292011e+01,1.137048530665898483e+01,7.346222211965674376e+01,1.516729257368427319e+01,5.631368892230661913e+02
3.055709443252658630e+01,1.134911714828085572e+01,7.352798152725499392e+01,1.512290132446414503e+01,5.635676611854386238e+02
3.065013772627313671e+01,1.132781862110233639e+01,7.359340330553470721e+01,1.507877807336296172e+01,5.639964922631745594e+02
3.074313963271219308e+01,1.130658951708346827e+01,7.365849014919254500e+01,1.503492033372398673e+01,5.644233972532312009e+02
3.083610005701608614e+01,1.128542962665987837e+01,7.372324472314178934e+01,1.499132565019833940e+01,5.648483908014477493e+02
3.092901890466011139e+01,1.126433873881472003e+01,7.378766966293925122e+01,1.494799159824602164e+01,5.652714874045150282e+02
3.102189608142279909e+01,1.124331664114855300e+01,7.385176757520387980e+01,1.490491578364756187e+01,5.656927014119249861e+02
3.111473149338615585e+01,1.122236311994720204e+01,7.391554103802869236e+01,1.486209584202409850e+01,5.661120470278867742e+02
