# Well Angle,Fracture 1,Fracture 2,Fracture 3,Pressure Drop
1.003354252449484146e-01,3.510156706221764011e+01,3.259713206525930929e+01,3.230130087252305060e+01,2.209769486866357795e+02
2.006706966436306028e-01,3.452993063206640301e+01,3.258407063196101205e+01,3.288599873597257783e+01,2.216891919467925618e+02
3.010056603245632179e-01,3.396593601286829056e+01,3.255645586361578836e+01,3.347760812351592108e+01,2.223357878181765557e+02
4.013401625788883820e-01,3.340923429601850358e+01,3.251427179370141829e+01,3.407649391028007813e+01,2.229172363958444691e+02
5.006912612564722309e-01,3.286483886494766438e+01,3.245811145410411314e+01,3.467704968094821538e+01,2.234292195345866219e+02
6.005615116529761099e-01,3.232414363975986760e+01,3.238717452195001556e+01,3.528868183829013105e+01,2.238802837743398300e+02
7.004308497143204582e-01,3.178969863539218466e+01,3.230164762637473075e+01,3.590865373823308460e+01,2.242678755733909668e+02
8.002991237428552784e-01,3.126119527346198979e+01,3.220144309023432072e+01,3.653736163630368594e+01,2.245922222472567569e+02
9.001661820506275946e-01,3.073833229519876653e+01,3.208645494059254588e+01,3.717521276420868048e+01,2.248534868983293507e+02
1.000031872960765789e+00,3.022081519168617447e+01,3.195655867273262629e+01,3.782262613558118858e+01,2.250517690019608494e+02
1.100961253905949455e+00,2.970291565689616675e+01,3.180998315004536181e+01,3.848710119305845723e+01,2.251882090965281975e+02
1.200823736403118236e+00,2.919528048652479413e+01,3.164965826621062206e+01,3.915506124726459092e+01,2.252599000128350326e+02
1.300418102405262344e+00,2.869347582749642456e+01,3.147442456627652518e+01,3.983209960622705381e+01,2.252685884537830248e+02
1.400809364927726230e+00,2.819189596524838137e+01,3.128208074682274287e+01,4.052602328792886510e+01,2.252137085692633889e+02
1.500665914816155189e+00,2.769694054554139839e+01,3.107489163507507968e+01,4.122816781938352904e+01,2.250955188624415086e+02
1.600520185534808570e+00,2.720567282737939152e+01,3.085163453243513487e+01,4.194269264018548427e+01,2.249136183045888515e+02
1.700105757316529465e+00,2.671912784099989580e+01,3.061270441442417933e+01,4.266816774457591777e+01,2.246684062975791676e+02
1.800221283243522041e+00,2.623315710303589654e+01,3.035583020794022602e+01,4.341101268902389165e+01,2.243572528133052231e+02
1.899950655587020032e+00,2.575195768754266012e+01,3.008301334325224019e+01,4.416502896920511034e+01,2.239823904135244561e+02
1.999930083045492024e+00,2.527219843960609680e+01,2.979220951615479862e+01,4.493559204423908682e+01,2.235410178828062726e+02
2.099906465473766470e+00,2.479484953413251702e+01,2.948372651406184275e+01,4.572142395180564733e+01,2.230333995622970349e+02
2.199879650817317511e+00,2.431965821356792290e+01,2.915717547953876476e+01,4.652316630689330168e+01,2.224588642783132855e+02
2.299849487050810826e+00,2.384637242478481056e+01,2.881214011494606098e+01,4.734148746026913557e+01,2.218166724669379732e+02
2.399815822179489189e+00,2.337474040272148912e+01,2.844817545967274341e+01,4.817708413760576747e+01,2.211060149849043057e+02
2.499778504240557808e+00,2.290451025505924321e+01,2.806480656664581019e+01,4.903068317829495015e+01,2.203260118091626225e+02
2.599737381304565442e+00,2.243542954688762947e+01,2.766152707164458846e+01,4.990304338146777496e+01,2.194757106278356957e+02
2.699692301476790846e+00,2.196724488435709688e+01,2.723779764836073269e+01,5.079495746728217398e+01,2.185540853258466711e+02
2.799643112898621666e+00,2.149970149636908090e+01,2.679304434151189085e+01,5.170725416211902825e+01,2.175600343691444323e+02
2.899589663748938673e+00,2.103254281340699094e+01,2.632665676963824453e+01,5.264080041695476098e+01,2.164923790923373019e+02
2.999531802245492429e+00,2.056551004267288718e+01,2.583798618848240380e+01,5.359650376884470546e+01,2.153498618955648283e+02
3.099469376646286189e+00,2.009834173875671581e+01,2.532634340506923110e+01,5.457531485617405309e+01,2.141311443577538682e+02
3.199402235250955240e+00,1.963077336914250637e+01,2.479099653176300677e+01,5.557823009909448331e+01,2.128348052749115880e+02
3.299330226402140021e+00,1.916253687394010541e+01,2.423116856867464719e+01,5.660629455738526161e+01,2.114593386339714414e+02
3.399253198486867245e+00,1.869336021932919323e+01,2.364603480182498174e+01,5.766060497884581793e+01,2.100031515349452889e+02
3.499170999937923909e+00,1.822296694432089126e+01,2.303472000343170834e+01,5.874231305224739685e+01,2.084645620766709726e+02
3.599083479235231753e+00,1.775107570057726392e+01,2.239629541957838654e+01,5.985262887984436020e+01,2.068417972246055285e+02
3.698990484907222154e+00,1.727739978519118225e+01,2.172977552933570067e+01,6.099282468547310998e+01,2.051329906827464242e+02
3.798891865532205259e+00,1.680164666652168393e+01,2.103411455814522313e+01,6.216423877533308939e+01,2.033361807959632017e+02
3.898787469739746658e+00,1.632351750340583862e+01,2.030820272692599104e+01,6.336827976966815612e+01,2.014493085141605775e+02
3.998677146212032518e+00,1.584270665833754421e+01,1.955086221694512716e+01,6.460643112471731797e+01,1.994702154554439346e+02
4.098560743685243146e+00,1.535890120552441118e+01,1.876084282898580469e+01,6.588025596548978058e+01,1.973966421123846544e+02
4.198438110950915458e+00,1.487178043510908587e+01,1.793681731376605271e+01,6.719140225112487030e+01,1.952262262534410127e+02
4.298309096857314771e+00,1.438101535529064101e+01,1.707737634890939660e+01,6.854160829579996062e+01,1.929565015809029944e+02
4.398173550310795044e+00,1.388626819460797535e+01,1.618102313605147202e+01,6.993270866934055618e+01,1.905848967175665223e+02
4.498031320277168454e+00,1.338719190726952135e+01,1.524616758989936827e+01,7.136664050283110328e+01,1.881087346068565012e+02
4.597882255783063421e+00,1.288342968514612252e+01,1.427112008926076037e+01,7.284545022559309757e+01,1.855252324257406258e+02
4.697726205917286180e+00,1.237461448090420468e+01,1.325408475824570509e+01,7.437130076085010444e+01,1.828315021266015492e+02
4.797563019832182363e+00,1.186036854776477689e+01,1.219315224405408316e+01,7.594647920818114528e+01,1.800245517437579963e+02
4.897392546744996800e+00,1.134030300255584045e+01,1.108629195602889972e+01,7.757340504141527049e+01,1.771012876227999868e+02
4.997214635939223548e+00,1.081401742010353573e+01,9.931343729034868062e+00,7.925463885086159621e+01,1.740585177568889890e+02
5.097029136765969248e+00,1.028109946861570378e+01,8.726008872777835990e+00,8.099289165860645312e+01,1.708929564439605997e+02
5.196835898645304042e+00,9.741124597578744826e+00,7.467840567491462522e+00,8.279103483492980331e+01,1.676012305130638822e+02
5.296634771067609826e+00,9.193655791855965376e+00,6.154233565588073773e+00,8.465211064255596796e+01,1.641798874073106163e+02
5.396425603594937392e+00,9.345804256484939287e+00,6.802170535519236338e+00,8.385202520799582260e+01,1.661525426182601848e+02
5.496208245862351127e+00,9.728335295167962471e+00,8.112203277140876523e+00,8.215946142769115568e+01,1.699865503222351890e+02
5.595982547579276378e+00,1.009038962623569446e+01,9.373873417654856155e+00,8.053573695610943162e+01,1.737356491830146012e+02
5.695748358530851263e+00,1.043311472263242834e+01,1.058993226820200917e+01,7.897695300916555539e+01,1.774021356976570019e+02
5.795505528579258936e+00,1.075758745443216391e+01,1.176293609716422495e+01,7.747947644840360226e+01,1.809883222299805254e+02
5.895253907665082949e+00,1.106481837628646225e+01,1.289526168767069514e+01,7.603991993604283550e+01,1.844965185486193491e+02
5.994993345808638630e+00,1.135575583727091775e+01,1.398912060651385580e+01,7.465512355621523000e+01,1.879290169754758040e+02
6.094723693111312457e+00,1.163128989851488981e+01,1.504657228256400003e+01,7.332213781892112081e+01,1.912880805551346270e+02
6.194444799756905873e+00,1.189225605057989910e+01,1.606953598849178633e+01,7.203820796092831813e+01,1.945759337459639084e+02
6.294156516012963110e+00,1.213943872760634335e+01,1.705980181460139278e+01,7.080075945779226743e+01,1.977947552108389857e+02
6.393858692232106122e+00,1.237357461907654610e+01,1.801904071815684105e+01,6.960738466276660574e+01,2.009466723512179271e+02
6.493551178853365968e+00,1.259535578288759972e+01,1.894881372599046898e+01,6.845583049112194374e+01,2.040337572842896918e+02
6.593233826403512410e+00,1.280543256549185926e+01,1.985058036257872516e+01,6.734398707192940492e+01,2.070580240105399525e+02
6.692906485498384406e+00,1.300441633631302629e+01,2.072570637029003393e+01,6.626987729339693090e+01,2.100214265593152163e+02
6.792569006844207280e+00,1.319288204461068759e+01,2.157547078322497214e+01,6.523164717216432962e+01,2.129258579341849043e+02
6.892221241238922325e+00,1.337137060755657636e+01,2.240107241104575664e+01,6.422755698139765457e+01,2.157731497086790000e+02
6.991863039573508409e+00,1.354039113858771159e+01,2.320363578445711639e+01,6.325597307695516491e+01,2.185650721474097793e+02
7.091494252833295597e+00,1.370042302518284494e+01,2.398421660957555801e+01,6.231536036524160238e+01,2.213033347481247972e+02
7.191114732099286755e+00,1.385191786512656265e+01,2.474380677431019393e+01,6.140427536056323277e+01,2.239895871175471882e+02
7.290724328549469391e+00,1.399530127012116054e+01,2.548333894607732120e+01,6.052135978380152181e+01,2.266254201084907436e+02
7.390322893460136378e+00,1.413097454531736830e+01,2.620369079666921408e+01,5.966533465801339986e+01,2.292123671580166331e+02
7.489910278207176475e+00,1.425931625298555439e+01,2.690568888688407156e+01,5.883499486013037227e+01,2.317519057767005677e+02
7.589486334267411038e+00,1.438068366816177068e+01,2.759011224058354372e+01,5.802920409125469092e+01,2.342454591478027623e+02
7.689050913219872108e+00,1.449541413369307641e+01,2.825769563515868654e+01,5.724689023114824238e+01,2.366943978023825821e+02
7.788603866747125792e+00,1.460382632168795425e+01,2.890913263293672486e+01,5.648704104537532089e+01,2.391000413425502416e+02
7.888145046636561020e+00,1.470622140795695998e+01,2.954507837583189556e+01,5.574870021621114802e+01,2.414636601901373751e+02
7.987674304781701373e+00,1.480288416561557341e+01,3.016615216351940632e+01,5.503096367086502028e+01,2.437864773423820850e+02
8.087191493183485846e+00,1.489408398361995367e+01,3.077293983356871721e+01,5.433297618281132912e+01,2.460696701197974789e+02
8.186696463951571801e+00,1.498007581561694757e+01,3.136599596030401216e+01,5.365392822407903850e+01,2.483143718943923375e+02
8.286189069305631705e+00,1.506110106412283578e+01,3.194584588764320543e+01,5.299305304823397478e+01,2.505216737889061562e+02
8.385669161576629449e+00,1.513738840469099145e+01,3.251298760979272373e+01,5.234962398551628127e+01,2.526926263397903369e+02
8.485136593208121525e+00,1.520915455439850739e+01,3.306789351242962738e+01,5.172295193317185635e+01,2.548282411184144109e+02
8.584591216757525345e+00,1.527660498866979566e+01,3.361101198587274297e+01,5.111238302545744006e+01,2.569294923063468445e+02
8.684032884897414206e+00,1.533993461016086535e+01,3.414276892072179947e+01,5.051729646911733340e+01,2.589973182218229795e+02
8.783461450416796268e+00,1.539932837315712533e+01,3.466356909551207366e+01,4.993710253133079391e+01,2.610326227953921148e+02
8.882876766222377540e+00,1.545496186667948990e+01,3.517379746509609362e+01,4.937124066822440227e+01,2.630362769935902065e+02
8.982278685339849744e+00,1.550700185925876795e+01,3.567382035769469439e+01,4.881917778304654121e+01,2.650091201900905276e+02
9.081667060915158629e+00,1.555560680811669627e+01,3.616398658787201015e+01,4.828040660401129713e+01,2.669519614843434283e+02
9.181041746215761634e+00,1.560092733528726328e+01,3.664462849205754935e+01,4.775444417265517671e+01,2.688655809680872153e+02
9.280402594631913971e+00,1.564310667302326330e+01,3.711606289267099612e+01,4.724083043430572815e+01,2.707507309405083333e+02
9.379749459677913848e+00,1.568228108065686044e+01,3.757859199638556191e+01,4.673912692295758831e+01,2.726081370730114486e+02
9.479082194993370791e+00,1.571858023492135814e+01,3.803250423159612836e+01,4.624891553348249573e+01,2.744384995248360042e+02
9.578400654344461529e+00,1.575212759559094522e+01,3.847807502973068239e+01,4.576979737467837595e+01,2.762424940108591045e+02
9.677704691625187650e+00,1.578304074815645386e+01,3.891556755465477124e+01,4.530139169718876246e+01,2.780207728230575412e+02
9.776994160858622607e+00,1.581143172512818040e+01,3.934523338406478388e+01,4.484333489080702861e+01,2.797739658071634494e+02
9.876268916198162273e+00,1.583740730743761205e+01,3.976731314644413118e+01,4.439527954611826743e+01,2.815026812961164637e+02
9.975528811928775497e+00,1.586106930730112374e+01,4.018203711686251012e+01,4.395689357583636081e+01,2.832075070019243981e+02
1.007477370246824044e+01,1.588251483380913065e+01,4.058962577463235988e+01,4.352785939155851480e+01,2.848890108675541342e+02
1.017400344236839516e+01,1.590183654240906996e+01,4.099029032559028707e+01,4.310787313200064830e+01,2.865477418804940726e+02
1.027321788631636146e+01,1.591912286936770826e+01,4.138423319155290159e+01,4.269664393907940081e+01,2.881842308495594125e+02
1.037241688913579019e+01,1.593445825221669843e+01,4.177164846928955910e+01,4.229389327849374070e+01,2.897989911465349451e+02
1.047160030578808509e+01,1.594792333711384735e+01,4.215272236117051108e+01,4.189935430171563269e+01,2.913925194141901329e+02
1.057076799137364453e+01,1.595959517398431160e+01,4.252763357948130363e+01,4.151277124653438477e+01,2.929652962421545794e+02
1.066991980113306226e+01,1.596954740024448327e+01,4.289655372623511909e+01,4.113389887352039409e+01,2.945177868121235747e+02
1.076905559044837979e+01,1.597785041385309057e+01,4.325964765017788949e+01,4.076250193596901994e+01,2.960504415137757519e+02
1.086817521484427651e+01,1.598457153638160833e+01,4.361707378254639167e+01,4.039835468107200711e+01,2.975636965327760777e+02
1.096727852998931141e+01,1.598977516674650801e+01,4.396898445302342395e+01,4.004124038023005738e+01,2.990579744121622525e+02
1.106636539169711675e+01,1.599352292620117844e+01,4.431552618722516712e+01,3.969095088657365267e+01,3.005336845883577439e+02
1.116543565592761844e+01,1.599587379514280094e+01,4.465683998695232049e+01,3.934728621790487324e+01,3.019912239030372234e+02
1.126448917878823330e+01,1.599688424225121430e+01,4.499306159435057850e+01,3.901005416339820897e+01,3.034309770919552989e+02
1.136352581653508942e+01,1.599660834644078022e+01,4.532432174103446698e+01,3.867906991252475990e+01,3.048533172518733636e+02
1.146254542557419498e+01,1.599509791207319687e+01,4.565074638315773825e+01,3.835415570476907732e+01,3.062586062866216707e+02
1.156154786246267641e+01,1.599240257784839692e+01,4.597245692333727618e+01,3.803514049881432157e+01,3.076471953332911653e+02
1.166053298390993120e+01,1.598856991976234632e+01,4.628957042027411717e+01,3.772185965996354184e+01,3.090194251695182288e+02
1.175950064677884832e+01,1.598364554849388774e+01,4.660219978685512388e+01,3.741415466465097950e+01,3.103756266027825745e+02
1.185845070808697876e+01,1.597767320155945647e+01,4.691045397746010792e+01,3.711187282098044449e+01,3.117161208425596897e+02
1.195738302500772221e+01,1.597069483055021699e+01,4.721443816515270697e+01,3.681486700429707071e+01,3.130412198561756441e+02
1.205629745487150828e+01,1.596275068374661288e+01,4.751425390938162963e+01,3.652299540687176460e+01,3.143512267091496710e+02
1.215519385516697248e+01,1.595387938438515008e+01,4.780999931477656872e+01,3.623612130083828475e+01,3.156464358907395535e+02
1.225407208354212685e+01,1.594411800483441155e+01,4.810176918158433779e+01,3.595411281358124000e+01,3.169271336254556104e+02
1.235293199780553763e+01,1.593350213692030692e+01,4.838965514825103043e+01,3.567684271482865199e+01,3.181935981711493469e+02
1.245177345592747642e+01,1.592206595862519158e+01,4.867374582662311866e+01,3.540418821475169153e+01,3.194461001043807755e+02
1.255059631604109782e+01,1.590984229737117417e+01,4.895412693020753636e+01,3.513603077242129302e+01,3.206849025936292037e+02
1.264940043644359058e+01,1.589686269008358188e+01,4.923088139590199575e+01,3.487225591401442415e+01,3.219102616609442293e+02
1.274818567559733395e+01,1.588315744021953968e+01,4.950408949957979132e+01,3.461275306020066722e+01,3.231224264325864510e+02
1.284695189213105238e+01,1.586875567193317416e+01,4.977382896588619587e+01,3.435741536218064596e+01,3.243216393791678342e+02
1.294569894484095762e+01,1.585368538153988993e+01,5.004017507258207331e+01,3.410613954587803676e+01,3.255081365457982088e+02
1.304442669269190347e+01,1.583797348643035718e+01,5.030320074974717670e+01,3.385882576382247322e+01,3.266821477727106640e+02
1.314313499481850833e+01,1.582164587157704538e+01,5.056297667413696217e+01,3.361537745428599067e+01,3.278438969067885864e+02
1.324182371052632057e+01,1.580472743376591893e+01,5.081957135896553979e+01,3.337570120726853418e+01,3.289936020044494285e+02
1.334049269929292691e+01,1.578724212367885471e+01,5.107305123937238989e+01,3.313970663694875896e+01,3.301314755262632161e+02
1.343914182076909114e+01,1.576921298594406728e+01,5.132348075381250396e+01,3.290730626024343763e+01,3.312577245237018246e+02
1.353777093477988558e+01,1.575066219726474692e+01,5.157092242159606599e+01,3.267841538113918887e+01,3.323725508183774195e+02
1.363637990132580491e+01,1.573161110272990015e+01,5.181543691678730568e+01,3.245295198048279417e+01,3.334761511741149889e+02
1.373496858058389058e+01,1.571208025040479761e+01,5.205708313866283277e+01,3.223083661093237851e+01,3.345687174621819509e+02
1.383353683290884284e+01,1.569208942429217934e+01,5.229591827891356814e+01,3.201199229679426139e+01,3.356504368199929331e+02
1.393208451883413623e+01,1.567165767575145274e+01,5.253199788576596063e+01,3.179634443848258130e+01,3.367214918035869005e+02
1.403061149907311567e+01,1.565080335345639462e+01,5.276537592518565134e+01,3.158382072135794516e+01,3.377820605341372016e+02
1.412911763452011371e+01,1.562954413196750458e+01,5.299610483931886051e+01,3.137435102871362602e+01,3.388323168388039903e+02
1.422760278625154307e+01,1.560789703899196290e+01,5.322423560231579387e+01,3.116786735869224145e+01,3.398724303861251883e+02
1.432606681552699257e+01,1.558587848139814902e+01,5.344981777367188158e+01,3.096430374492996762e+01,3.409025668162409488e+02
1.442450958379031789e+01,1.556350427004889703e+01,5.367289954921707817e+01,3.076359618073400881e+01,3.419228878661511430e+02
1.452293095267072864e+01,1.554078964351423053e+01,5.389352780987128000e+01,3.056568254661448591e+01,3.429335514902236355e+02
1.462133078398387909e+01,1.551774929071972053e+01,5.411174816828234668e+01,3.037050254099792213e+01,3.439347119761746399e+02
1.471970893973294281e+01,1.549439737258456162e+01,5.432760501345212134e+01,3.017799761396330993e+01,3.449265200567174929e+02
1.481806528210968033e+01,1.547074754270007269e+01,5.454114155345229875e+01,2.998811090384763034e+01,3.459091230170482731e+02
1.491639967349553331e+01,1.544681296709588203e+01,5.475239985632563133e+01,2.980078717657848486e+01,3.468826647983701150e+02
1.501471197646266909e+01,1.542260634314018475e+01,5.496142088926174551e+01,2.961597276759806618e+01,3.478472860976164611e+02
1.511300205377504824e+01,1.539813991761493028e+01,5.516824455613296152e+01,2.943361552625209754e+01,3.488031244635342887e+02
1.521126976838949929e+01,1.537342550400822283e+01,5.537290973346994605e+01,2.925366476252182935e+01,3.497503143892860180e+02
1.530951498345676676e+01,1.534847449906072647e+01,5.557545430495367356e+01,2.907607119598559819e+01,3.506889874017043667e+02
1.540773756232255565e+01,1.532329789860271063e+01,5.577591519449377699e+01,2.890078690690350882e+01,3.516192721473678944e+02
1.550593736852857951e+01,1.529790631271583301e+01,5.597432839796226745e+01,2.872776528932189422e+01,3.525412944755944977e+02
1.560411426581361738e+01,1.527230998025198616e+01,5.617072901364598181e+01,2.855696100610203203e+01,3.534551775185121869e+02
1.570226811811453338e+01,1.524651878273962069e+01,5.636515127147843884e+01,2.838832994578193336e+01,3.543610417683050287e+02
1.580039878956733723e+01,1.522054225770673952e+01,5.655762856110770542e+01,2.822182918118554085e+01,3.552590051517711345e+02
1.589850614450817368e+01,1.519438961144787470e+01,5.674819345885574506e+01,2.805741692969637668e+01,3.561491831022738666e+02
1.599659004747440605e+01,1.516806973126129598e+01,5.693687775361886594e+01,2.789505251511983985e+01,3.570316886292321783e+02
1.609465036320558085e+01,1.514159119718065405e+01,5.712371247176004374e+01,2.773469633105930043e+01,3.579066323852026699e+02
1.619268695664449353e+01,1.511496229322497697e+01,5.730872790103689596e+01,2.757630980573811996e+01,3.587741227306901806e+02
1.629069969293815845e+01,1.508819101818862407e+01,5.749195361361074674e+01,2.741985536820062563e+01,3.596342657967639411e+02
1.638868843743886927e+01,1.506128509599322918e+01,5.767341848817700622e+01,2.726529641582975927e+01,3.604871655455482369e+02
1.648665305570514406e+01,1.503425198562004184e+01,5.785315073125752150e+01,2.711259728312244022e+01,3.613329238287035992e+02
1.658459341350278393e+01,1.500709889064308378e+01,5.803117789769059698e+01,2.696172321166630681e+01,3.621716404439511621e+02
1.668250937680583235e+01,1.497983276838072975e+01,5.820752691035531257e+01,2.681264032126397012e+01,3.630034131897401721e+02
1.678040081179757337e+01,1.495246033868211555e+01,5.838222407916335044e+01,2.666531558215453757e+01,3.638283379180999191e+02
1.687826758487154066e+01,1.492498809236565371e+01,5.855529511935016984e+01,2.651971678828417467e+01,3.646465085857785198e+02
1.697610956263247317e+01,1.489742229932437567e+01,5.872676516909594824e+01,2.637581253157967964e+01,3.654580173037211921e+02
1.707392661189731342e+01,1.486976901631320302e+01,5.889665880650532159e+01,2.623357217718148959e+01,3.662629543849371316e+02
1.717171859969616676e+01,1.484203409443167487e+01,5.906500006597335073e+01,2.609296583959497795e+01,3.670614083908434395e+02
1.726948539327328902e+01,1.481422318631615020e+01,5.923181245396334305e+01,2.595396435972050497e+01,3.678534661761228790e+02
1.736722686008803862e+01,1.478634175305319154e+01,5.939711896422187465e+01,2.581653928272493204e+01,3.686392129321632183e+02
1.746494286781583938e+01,1.475839507082691604e+01,5.956094209245502924e+01,2.568066283671805294e+01,3.694187322291226110e+02
1.756263328434915749e+01,1.473038823731142344e+01,5.972330385048653056e+01,2.554630791220204955e+01,3.701921060566837127e+02
1.766029797779842170e+01,1.470232617781928397e+01,5.988422577992201923e+01,2.541344804225868970e+01,3.709594148635231363e+02
1.775793681649299316e+01,1.467421365121643539e+01,6.004372896533711668e+01,2.528205738344643905e+01,3.717207375955772477e+02
1.785554966898209628e+01,1.464605525561344379e+01,6.020183404701088392e+01,2.515211069737567939e+01,3.724761517331119194e+02
1.795313640403578148e+01,1.461785543384234742e+01,6.035856123322145095e+01,2.502358333293619452e+01,3.732257333266726960e+02
1.805069689064582761e+01,1.458961847872865292e+01,6.051393031212314355e+01,2.489645120914820708e+01,3.739695570319261719e+02
1.814823099802668338e+01,1.456134853816616825e+01,6.066796066322071113e+01,2.477069079861311351e+01,3.747076961434580085e+02
1.824573859561641953e+01,1.453304962000380662e+01,6.082067126845704053e+01,2.464627911153914752e+01,3.754402226275437897e+02
1.834321955307760277e+01,1.450472559675114148e+01,6.097208072293048531e+01,2.452319368031836788e+01,3.761672071539582021e+02
1.844067374029825146e+01,1.447638021011110965e+01,6.112220724525540305e+01,2.440141254463349085e+01,3.768887191268045171e+02
1.853810102739272025e+01,1.444801707534648116e+01,6.127106868758007607e+01,2.428091423707344632e+01,3.776048267144727220e+02
1.863550128470263090e+01,1.441963968548679098e+01,6.141868254527621218e+01,2.416167776923699151e+01,3.783155968786829249e+02
1.873287438279774619e+01,1.439125141538228903e+01,6.156506596631196260e+01,2.404368261830574838e+01,3.790210954027031676e+02
1.883022019247690437e+01,1.436285552561140655e+01,6.171023576032066416e+01,2.392690871406793462e+01,3.797213869187248179e+02
1.892753858476886819e+01,1.433445516624714244e+01,6.185420840737754133e+01,2.381133642637530556e+01,3.804165349344688138e+02
1.902482943093325574e+01,1.430605338048819064e+01,6.199700006649491257e+01,2.369694655301691100e+01,3.811066018590096860e+02
1.912209260246140019e+01,1.427765310816052136e+01,6.213862658384699245e+01,2.358372030799248265e+01,3.817916490278714150e+02
1.921932797107723090e+01,1.424925718909405070e+01,6.227910350073393175e+01,2.347163931017201222e+01,3.824717367274072330e+02
1.931653540873815800e+01,1.422086836637955720e+01,6.241844606129571815e+01,2.336068557232470866e+01,3.831469242184844006e+02
1.941371478763591796e+01,1.419248928951061295e+01,6.255666921998462016e+01,2.325084149050476512e+01,3.838172697595096565e+02
1.951086598019748664e+01,1.416412251741502004e+01,6.269378764880477917e+01,2.314208983378020079e+01,3.844828306288094382e+02
1.960798885908587152e+01,1.413577052137994983e+01,6.282981574432875504e+01,2.303441373429128802e+01,3.851436631463893718e+02
1.970508329720103546e+01,1.410743568787500912e+01,6.296476763449761904e+01,2.292779667762735940e+01,3.857998226950843446e+02
1.980214916768070310e+01,1.407912032127687141e+01,6.309865718521423616e+01,2.282222249350888532e+01,3.864513637411356513e+02
1.989918634390121710e+01,1.405082664650010216e+01,6.323149800673542131e+01,2.271767534676446942e+01,3.870983398542001623e+02
1.999619469947839079e+01,1.402255681153657996e+01,6.336330345987126833e+01,2.261413972859215349e+01,3.877408037268199337e+02
2.009317410826832884e+01,1.399431288990798450e+01,6.349408666199883555e+01,2.251160044809317640e+01,3.883788071933532251e+02
2.019012444436827991e+01,1.396609688303405150e+01,6.362386049289580114e+01,2.241004262407014025e+01,3.890124012484141076e+02
2.028704558211743603e+01,1.393791072252029650e+01,6.375263760040083838e+01,2.230945167707885801e+01,3.896416360648025261e+02
2.038393739609776389e+01,1.390975627236762691e+01,6.388043040590767419e+01,2.220981332172469891e+01,3.902665610109623913e+02
2.048079976113485046e+01,1.388163533110737013e+01,6.400725110969696630e+01,2.211111355919565113e+01,3.908872246679772502e+02
2.057763255229867028e+01,1.385354963386396321e+01,6.413311169611357343e+01,2.201333867002245981e+01,3.915036748461230331e+02
2.067443564490443109e+01,1.382550085434846387e+01,6.425802393859279960e+01,2.191647520705874186e+01,3.921159586009760005e+02
2.077120891451333762e+01,1.379749060678519612e+01,6.438199940454194348e+01,2.182050998867284974e+01,3.927241222491095414e+02
2.086795223693344070e+01,1.376952044777406670e+01,6.450504946008203433e+01,2.172543009214390253e+01,3.933282113833798235e+02
2.096466548822037979e+01,1.374159187809074822e+01,6.462718527465362683e+01,2.163122284725562849e+01,3.939282708878188259e+02
2.106134854467820716e+01,1.371370634442727265e+01,6.474841782549280822e+01,2.153787583007992978e+01,3.945243449521436219e+02
2.115800128286014825e+01,1.368586524107519331e+01,6.486875790197954927e+01,2.144537685694525564e+01,3.951164770858983957e+02
2.125462357956937964e+01,1.365806991155297290e+01,6.498821610986578889e+01,2.135371397858123288e+01,3.957047101322295930e+02
2.135121531185984267e+01,1.363032165018031527e+01,6.510680287538376376e+01,2.126287547443592629e+01,3.962890862813198964e+02
2.144777635703695040e+01,1.360262170360057254e+01,6.522452844924148962e+01,2.117284984715793428e+01,3.968696470834814818e+02
2.154430659265839409e+01,1.357497127225381028e+01,6.534140291050729843e+01,2.108362581723888241e+01,3.974464334619277679e+02
2.164080589653488929e+01,1.354737151180192534e+01,6.545743617038800721e+01,2.099519231781007278e+01,3.980194857252098473e+02
2.173727414673093605e+01,1.351982353450736163e+01,6.557263797590341881e+01,2.090753848958920713e+01,3.985888435793667668e+02
2.183371122156555089e+01,1.349232841056745613e+01,6.568701791346194341e+01,2.082065367597060046e+01,3.991545461397631698e+02
2.193011699961301986e+01,1.346488716940584318e+01,6.580058541233823632e+01,2.073452741825591872e+01,3.997166319426365817e+02
2.202649135970365890e+01,1.343750080092226895e+01,6.591334974805850777e+01,2.064914945101921262e+01,4.002751389563687212e+02
2.212283418092450660e+01,1.341017025670246454e+01,6.602532004569476953e+01,2.056450969760277658e+01,4.008301045924803816e+02
2.221914534262008800e+01,1.338289645118945259e+01,6.613650528307127274e+01,2.048059826573927822e+01,4.013815657163589208e+02
2.231542472439312519e+01,1.335568026281752019e+01,6.624691429388649055e+01,2.039740544329599103e+01,4.019295586577299559e+02
2.241167220610524780e+01,1.332852253511025076e+01,6.635655577075290523e+01,2.031492169413683868e+01,4.024741192208770713e+02
2.250788766787773199e+01,1.330142407774376956e+01,6.646543826815673128e+01,2.023313765409951159e+01,4.030152826946221012e+02
2.260407099009217546e+01,1.327438566757662741e+01,6.657357020534094261e+01,2.015204412708242643e+01,4.035530838620576901e+02
2.270022205339123289e+01,1.324740804964715757e+01,6.668095986911333739e+01,2.007163208123950326e+01,4.040875570100709524e+02
2.279634073867929445e+01,1.322049193813952250e+01,6.678761541658248291e+01,1.999189264527798571e+01,4.046187359386137246e+02
2.289242692712320704e+01,1.319363801731980956e+01,6.689354487782274816e+01,1.991281710485744583e+01,4.051466539697930216e+02
2.298848050015291733e+01,1.316684694244260889e+01,6.699875615847236077e+01,1.983439689908503212e+01,4.056713439567151909e+02
2.308450133946219651e+01,1.314011934062967235e+01,6.710325704226440280e+01,1.975662361710593373e+01,4.061928382921494176e+02
2.318048932700930820e+01,1.311345581172126096e+01,6.720705519349439783e+01,1.967948899478433589e+01,4.067111689169794886e+02
2.327644434501767989e+01,1.308685692910098730e+01,6.731015815942618019e+01,1.960298491147282007e+01,4.072263673284659262e+02
2.337236627597656380e+01,1.306032324049561666e+01,6.741257337263644445e+01,1.952710338686793179e+01,4.077384645883194594e+02
2.346825500264171183e+01,1.303385526874979128e+01,6.751430815330219559e+01,1.945183657794800780e+01,4.082474913305917994e+02
2.356411040803604351e+01,1.300745351257733518e+01,6.761536971143057428e+01,1.937717677599210120e+01,4.087534777693865067e+02
2.365993237545028194e+01,1.298111844728965458e+01,6.771576514903399868e+01,1.930311640367634141e+01,4.092564537063952343e+02
2.375572078844360391e+01,1.295485052550131932e+01,6.781550146225235665e+01,1.922964801224631515e+01,4.097564485382740145e+02
2.385147553084429362e+01,1.292865017781496029e+01,6.791458554342266041e+01,1.915676427876239529e+01,4.102534912638379296e+02
2.394719648675038570e+01,1.290251781348473159e+01,6.801302418309890641e+01,1.908445800341635490e+01,4.107476104911129369e+02
2.404288354053027277e+01,1.287645382106021330e+01,6.811082407202275135e+01,1.901272210691704245e+01,4.112388344442249490e+02
2.413853657682336618e+01,1.285045856901005656e+01,6.820799180304754827e+01,1.894154962794238628e+01,4.117271909701362915e+02
2.423415548054070712e+01,1.282453240632799663e+01,6.830453387301484725e+01,1.887093372065714192e+01,4.122127075452353324e+02
2.432974013686556702e+01,1.279867566311957461e+01,6.840045668458751038e+01,1.880086765229291856e+01,4.126954112817866758e+02
2.442529043125409416e+01,1.277288865117171746e+01,6.849576654803900055e+01,1.873134480078928732e+01,4.131753289342352105e+02
2.452080624943589626e+01,1.274717166450536965e+01,6.859046968299982439e+01,1.866235865249481662e+01,4.136524869053791917e+02
2.461628747741466583e+01,1.272152497991142006e+01,6.868457222016371588e+01,1.859390279992485517e+01,4.141269112524036018e+02
2.471173400146874854e+01,1.269594885747065760e+01,6.877808020295348967e+01,1.852597093957583141e+01,4.145986276927966401e+02
2.480714570815177211e+01,1.267044354105838799e+01,6.887099958914812703e+01,1.845855686979348675e+01,4.150676616101276863e+02
2.490252248429319692e+01,1.264500925883407589e+01,6.896333625247220311e+01,1.839165448869372099e+01,4.155340380597051535e+02
2.499786421699893424e+01,1.261964622371631606e+01,6.905509598414879235e+01,1.832525779213488804e+01,4.159977817741236663e+02
2.509317079365190395e+01,1.259435463384405196e+01,6.914628449441640612e+01,1.825936087173953837e+01,4.164589171686810687e+02
2.518844210191260657e+01,1.256913467302382159e+01,6.923690741401172488e+01,1.819395791296443932e+01,4.169174683466972056e+02
2.528367802971970590e+01,1.254398651116438224e+01,6.932697029561798274e+01,1.812904319321762969e+01,4.173734591047034996e+02
2.537887846529057256e+01,1.251891030469799126e+01,6.941647861528100805e+01,1.806461108002100602e+01,4.178269129375447051e+02
2.547404329712187021e+01,1.249390619698969829e+01,6.950543777379337484e+01,1.800065602921692332e+01,4.182778530433540141e+02
2.556917241399006002e+01,1.246897431873466466e+01,6.959385309804706310e+01,1.793717258321827757e+01,4.187263023284514816e+02
2.566426570495199400e+01,1.244411478834378038e+01,6.968172984235620504e+01,1.787415536930001281e+01,4.191722834121093797e+02
2.575932305934545496e+01,1.241932771231792998e+01,6.976907318975050032e+01,1.781159909793156615e+01,4.196158186312586622e+02
2.585434436678966108e+01,1.239461318561177272e+01,6.985588825323965523e+01,1.774949856114857027e+01,4.200569300450592323e+02
2.594932951718582004e+01,1.236997129198646839e+01,6.994218007705025286e+01,1.768784863096327342e+01,4.204956394394139920e+02
2.604427840071764777e+01,1.234540210435259944e+01,7.002795363783536686e+01,1.762664425781203192e+01,4.209319683313667610e+02
2.613919090785192623e+01,1.232090568510298922e+01,7.011321384585750138e+01,1.756588046903950939e+01,4.213659379734182835e+02
2.623406692933894746e+01,1.229648208643576091e+01,7.019796554614632100e+01,1.750555236741791276e+01,4.217975693577748757e+02
2.632890635621309627e+01,1.227213135066848793e+01,7.028221351963082952e+01,1.744565512970068966e+01,4.222268832204701425e+02
2.642370907979332983e+01,1.224785351054290850e+01,7.036596248424721978e+01,1.738618400520986640e+01,4.226539000454571919e+02
2.651847499168366085e+01,1.222364858952115796e+01,7.044921709602313342e+01,1.732713431445571217e+01,4.230786400685734634e+02
2.661320398377368690e+01,1.219951660207328814e+01,7.053198195013857230e+01,1.726850144778814666e+01,4.235011232814597975e+02
2.670789594823906299e+01,1.217545755395667051e+01,7.061426158196431402e+01,1.721028086407902080e+01,4.239213694353863389e+02
2.680255077754199178e+01,1.215147144248751943e+01,7.069606046807793120e+01,1.715246808943454937e+01,4.243393980450060781e+02
2.689716836443169967e+01,1.212755825680441468e+01,7.077738302725921926e+01,1.709505871593636073e+01,4.247552283920416016e+02
2.699174860194493775e+01,1.210371797812445571e+01,7.085823362146378201e+01,1.703804840041176405e+01,4.251688795288951610e+02
2.708629138340641518e+01,1.207995057999220379e+01,7.093861655677652323e+01,1.698143286323127299e+01,4.255803702821893921e+02
2.718079660242928597e+01,1.205625602852130207e+01,7.101853608434566922e+01,1.692520788713302693e+01,4.259897192562393684e+02
2.727526415291562500e+01,1.203263428262954804e+01,7.109799640129699583e+01,1.686936931607346679e+01,4.263969448364604773e+02
2.736969392905684373e+01,1.200908529426694216e+01,7.117700165162902692e+01,1.681391305410404158e+01,4.268020651927212725e+02
2.746408582533419462e+01,1.198560900863770229e+01,7.125555592709031316e+01,1.675883506427199521e+01,4.272050982825973620e+02
2.755843973651916201e+01,1.196220536441554572e+01,7.133366326803826496e+01,1.670413136754618577e+01,4.276060618546176215e+02
2.765275555767393101e+01,1.193887429395326194e+01,7.141132766428069090e+01,1.664979804176605427e+01,4.280049734513985982e+02
2.774703318415184228e+01,1.191561572348619258e+01,7.148855305590005571e+01,1.659583122061375349e+01,4.284018504127487290e+02
2.784127251159777572e+01,1.189242957332989725e+01,7.156534333406139581e+01,1.654222709260869806e+01,4.287967098787147506e+02
2.793547343594861232e+01,1.186931575807259520e+01,7.164170234180332386e+01,1.648898190012407383e+01,4.291895687925493235e+02
2.802963585343365338e+01,1.184627418676171118e+01,7.171763387481381358e+01,1.643609193842446814e+01,4.295804439036527356e+02
2.812375966057501131e+01,1.182330476308564116e+01,7.179314168219002568e+01,1.638355355472431896e+01,4.299693517704346846e+02
2.821784475418804661e+01,1.180040738555000068e+01,7.186822946718328353e+01,1.633136314726670690e+01,4.303563087631414419e+02
2.831189103138175511e+01,1.177758194764936484e+01,7.194290088792880056e+01,1.627951716442183638e+01,4.307413310666264579e+02
2.840589838955917656e+01,1.175482833803374483e+01,7.201715955816166570e+01,1.622801210380458059e+01,4.311244346830548011e+02
2.849986672641780316e+01,1.173214644067084755e+01,7.209100904791812070e+01,1.617684451141102997e+01,4.315056354345896352e+02
2.859379593994993485e+01,1.170953613500341284e+01,7.216445288422352178e+01,1.612601098077306361e+01,4.318849489659972392e+02
2.868768592844309850e+01,1.168699729610237270e+01,7.223749455176627521e+01,1.607550815213134143e+01,4.322623907472305973e+02
2.878153659048041746e+01,1.166452979481567631e+01,7.231013749355975051e+01,1.602533271162457496e+01,4.326379760759509168e+02
2.887534782494097740e+01,1.164213349791302754e+01,7.238238511158984068e+01,1.597548139049712645e+01,4.330117200800069099e+02
2.896911953100019943e+01,1.161980826822641788e+01,7.245424076745158004e+01,1.592595096432200030e+01,4.333836377198728655e+02
2.906285160813024149e+01,1.159755396478689882e+01,7.252570778297240395e+01,1.587673825224069546e+01,4.337537437910467020e+02
2.915654395610028260e+01,1.157537044295749773e+01,7.259678944082375551e+01,1.582784011621873610e+01,4.341220529263952699e+02
2.925019647497695630e+01,1.155325755456238923e+01,7.266748898512179267e+01,1.577925346031582343e+01,4.344885795984631045e+02
2.934380906512465970e+01,1.153121514801259906e+01,7.273780962201487910e+01,1.573097522997251652e+01,4.348533381217499709e+02
2.943738162720588747e+01,1.150924306842800782e+01,7.280775452026229289e+01,1.568300241130970463e+01,4.352163426549263932e+02
2.953091406218162263e+01,1.148734115775614129e+01,7.287732681179997485e+01,1.563533203044388209e+01,4.355776072030332102e+02
2.962440627131161364e+01,1.146550925488763539e+01,7.294652959229667033e+01,1.558796115281569072e+01,4.359371456196344639e+02
2.971785815615475812e+01,1.144374719576830657e+01,7.301536592169983919e+01,1.554088688253184891e+01,4.362949716089216281e+02
2.981126961856938351e+01,1.142205481350844565e+01,7.308383882477039606e+01,1.549410636172116362e+01,4.366510987278014682e+02
2.990464056071357746e+01,1.140043193848867453e+01,7.315195129160855458e+01,1.544761676990276911e+01,4.370055403879372307e+02
2.999797088504554665e+01,1.137887839846326798e+01,7.321970627816953936e+01,1.540141532336718200e+01,4.373583098577461215e+02
3.009126049432386196e+01,1.135739401866030640e+01,7.328710670676939287e+01,1.535549927457030073e+01,4.377094202643821745e+02
3.018450929160778529e+01,1.133597862187910366e+01,7.335415546658215646e+01,1.530986591153873277e+01,4.380588845956737032e+02
3.027771718025762482e+01,1.131463202858511785e+01,7.342085541412764371e+01,1.526451255728724909e+01,4.384067157020234049e+02
3.037088406393495532e+01,1.129335405700198436e+01,7.348720937375009044e+01,1.521943656924791810e+01,4.387529262982861837e+02
3.046400984660292011e+01,1.127214452320111171e+01,7.355322013808849135e+01,1.517463533871040227e+01,4.390975289656173572e+02
3.055709443252658630e+01,1.125100324118872841e+01,7.361889046853835339e+01,1.513010629027291643e+01,4.394405361532652137e+02
3.065013772627313671e+01,1.122993002299074661e+01,7.368422309570483719e+01,1.508584688130442331e+01,4.397819601803730620e+02
3.074313963271219308e+01,1.120892467873476761e+01,7.374922071984801164e+01,1.504185460141723674e+01,4.401218132377169923e+02
3.083610005701608614e+01,1.118798701673036433e+01,7.381388601132010763e+01,1.499812697194953515e+01,4.404601073894329488e+02
3.092901890466011139e+01,1.116711684354686263e+01,7.387822161099477114e+01,1.495466154545835558e+01,4.407968545747066855e+02
3.102189608142279909e+01,1.114631396408881159e+01,7.394223013068916828e+01,1.491145590522201836e+01,4.411320666094411536e+02
3.111473149338615585e+01,1.112557818166969881e+01,7.400591415357784797e+01,1.486850766475246921e+01,4.414657551878926256e+02
