# Well Angle,Fracture 1,Fracture 2,Fracture 3,Pressure Drop
1.003354252449484146e-01,3.737339900840736817e+01,3.188065901431506433e+01,3.074594197727758171e+01,6.811826806343710814e+02
2.006706966436306028e-01,3.684314870474006653e+01,3.187699383264327935e+01,3.127985746261665057e+01,6.849174477132950187e+02
3.010056603245632179e-01,3.632083933074091675e+01,3.186000451125715571e+01,3.181915615800192043e+01,6.885192842233162764e+02
4.013401625788883820e-01,3.580617717270030198e+01,3.182970489948333537e+01,3.236411792781638042e+01,6.919906698131140956e+02
5.006912612564722309e-01,3.530381328405563579e+01,3.178658595705201506e+01,3.290960075889235270e+01,6.953018464459156576e+02
6.005615116529761099e-01,3.480582978870768329e+01,3.173007217387637269e+01,3.346409803741593691e+01,6.985060203724459598e+02
7.004308497143204582e-01,3.431461400847229726e+01,3.166032565610597516e+01,3.402506033542172048e+01,7.015876934717589393e+02
8.002991237428552784e-01,3.382991437096767839e+01,3.157730306949090959e+01,3.459278255954140491e+01,7.045489378342498412e+02
9.001661820506275946e-01,3.335148761548561680e+01,3.148094696200917042e+01,3.516756542250520567e+01,7.073917446591698308e+02
1.000031872960765789e+00,3.287909836850098344e+01,3.137118574318875730e+01,3.574971588831027702e+01,7.101180289661792813e+02
1.100961253905949455e+00,3.240757240728234478e+01,3.124654587262450889e+01,3.634588172009316054e+01,7.127568796695369429e+02
1.200823736403118236e+00,3.194664008651010789e+01,3.110955723748534041e+01,3.694380267600455170e+01,7.152543873733853843e+02
1.300418102405262344e+00,3.149228823157232426e+01,3.095928206783238323e+01,3.754842970059529250e+01,7.176345071862715486e+02
1.400809364927726230e+00,3.103949140867249312e+01,3.079387323294214696e+01,3.816663535838535637e+01,7.199234726349616267e+02
1.500665914816155189e+00,3.059407346356676172e+01,3.061532464011998300e+01,3.879060189631326239e+01,7.220920951355262787e+02
1.600520185534808570e+00,3.015342316493078201e+01,3.042263686866103356e+01,3.942393996640819154e+01,7.241543610169678686e+02
1.700105757316529465e+00,2.971850747810435678e+01,3.021620695796916678e+01,4.006528556392647289e+01,7.261066968134275612e+02
1.800221283243522041e+00,2.928567092774567726e+01,2.999413163140057748e+01,4.072019744085373816e+01,7.279658158018050926e+02
1.899950655587020032e+00,2.885870389943248071e+01,2.975820484356458451e+01,4.138309125700292412e+01,7.297159094366111276e+02
1.999930083045492024e+00,2.843469857063391970e+01,2.950672782538738659e+01,4.205857360397869371e+01,7.313697507231166810e+02
2.099906465473766470e+00,2.801457235652893729e+01,2.924004096536392439e+01,4.274538667810715253e+01,7.329241547913587738e+02
2.199879650817317511e+00,2.759815897317738376e+01,2.895788791035315413e+01,4.344395311646945856e+01,7.343804836283250097e+02
2.299849487050810826e+00,2.718529645482476909e+01,2.865999473498763805e+01,4.415470881018758575e+01,7.357400838662033493e+02
2.399815822179489189e+00,2.677582699633359198e+01,2.834606943602896933e+01,4.487810356763744579e+01,7.370042922779373384e+02
2.499778504240557808e+00,2.636959681067838090e+01,2.801580138793693209e+01,4.561460180138469411e+01,7.381744415210492889e+02
2.599737381304565442e+00,2.596645600144827881e+01,2.766886075861272332e+01,4.636468323993900498e+01,7.392518661631596615e+02
2.699692301476790846e+00,2.556625845038870182e+01,2.730489788420161901e+01,4.712884366540968273e+01,7.402379090247603699e+02
2.799643112898621666e+00,2.516886172010536171e+01,2.692354260177014424e+01,4.790759567812449404e+01,7.411339278772366015e+02
2.899589663748938673e+00,2.477412697214706583e+01,2.652440353860956535e+01,4.870146948924335817e+01,7.419413025366967531e+02
2.999531802245492429e+00,2.438191890077844803e+01,2.610706735685780089e+01,4.951101374236374397e+01,7.426614423970414691e+02
3.099469376646286189e+00,2.399210568285087319e+01,2.567109795208406453e+01,5.033679636506506228e+01,7.432957944488382509e+02
3.199402235250955240e+00,2.360455894428337587e+01,2.521603560443527314e+01,5.117940545128134744e+01,7.438458518338411523e+02
3.299330226402140021e+00,2.321915374376802532e+01,2.474139608091354248e+01,5.203945017531842154e+01,7.443131629887797089e+02
3.399253198486867245e+00,2.283576857442627883e+01,2.424666968733189876e+01,5.291756173824183662e+01,7.446993414358383916e+02
3.499170999937923909e+00,2.245428538425613851e+01,2.373132026848817588e+01,5.381439434725569271e+01,7.450060762815705857e+02
3.599083479235231753e+00,2.207458961633060213e+01,2.319478415510488745e+01,5.473062622856450332e+01,7.452351434905267524e+02
3.698990484907222154e+00,2.169657026983371040e+01,2.263646905610739779e+01,5.566696067405888471e+01,7.453884180047028849e+02
3.798891865532205259e+00,2.132011998315291734e+01,2.205575289485936352e+01,5.662412712198771914e+01,7.454678867851683890e+02
3.898787469739746658e+00,2.094513514038385082e+01,2.145198258804282432e+01,5.760288227157332841e+01,7.454756628577284800e+02
3.998677146212032518e+00,2.057151600275065206e+01,2.082447276596517582e+01,5.860401123128416856e+01,7.454140004503876753e+02
4.098560743685243146e+00,2.019916686659602334e+01,2.017250443320241615e+01,5.962832870020156406e+01,7.452853113164961769e+02
4.198438110950915458e+00,1.982799624975356423e+01,1.949532356864715865e+01,6.067668018159927357e+01,7.450921823441123024e+02
4.298309096857314771e+00,1.945791710828275711e+01,1.879213966422886628e+01,6.174994322748838016e+01,7.448373945588309653e+02
4.398173550310795044e+00,1.908884708571722655e+01,1.806212420181886813e+01,6.284902871246389111e+01,7.445239436345312924e+02
4.498031320277168454e+00,1.872070879715605685e+01,1.730440906812186697e+01,6.397488213472206553e+01,7.441550620338360886e+02
4.597882255783063421e+00,1.835343015071110173e+01,1.651808490770591931e+01,6.512848494158298251e+01,7.437342429077066299e+02
4.697726205917286180e+00,1.798694470901146047e+01,1.570219941472903358e+01,6.631085587625950950e+01,7.432652658913077630e+02
4.797563019832182363e+00,1.762119209365560124e+01,1.485575556439912859e+01,6.752305234194525951e+01,7.427522249411497341e+02
4.897392546744996800e+00,1.725611843569409842e+01,1.397770978575310608e+01,6.876617177855280261e+01,7.421995583663313028e+02
4.997214635939223548e+00,1.689167687541562302e+01,1.306697007797531462e+01,7.004135304660906058e+01,7.416120812144442880e+02
5.097029136765969248e+00,1.652782811489543136e+01,1.212239407319637330e+01,7.134977781190818291e+01,7.409950201801775620e+02
5.196835898645304042e+00,1.616454102694316219e+01,1.114278704953373733e+01,7.269267192352310758e+01,7.403540512116892387e+02
5.296634771067609826e+00,1.580179332425618632e+01,1.012689989905611831e+01,7.407130677668767760e+01,7.396953399963601896e+02
5.396425603594937392e+00,1.580931907460118246e+01,1.065097090103230393e+01,7.353971002436651361e+01,7.422553626360152066e+02
5.496208245862351127e+00,1.594206804024560853e+01,1.170076256612515131e+01,7.235716939362923483e+01,7.459974724520478730e+02
5.595982547579276378e+00,1.606854938911560637e+01,1.272052300764694088e+01,7.121092760323745097e+01,7.497803006805797850e+02
5.695748358530851263e+00,1.618895191970678837e+01,1.371151666343803299e+01,7.009953141685518574e+01,7.535973496805424929e+02
5.795505528579258936e+00,1.630346436305122637e+01,1.467494580925279912e+01,6.902158982769597628e+01,7.574426802161696060e+02
5.895253907665082949e+00,1.641227448576190540e+01,1.561195356684414470e+01,6.797577194739395168e+01,7.613108674782528169e+02
5.994993345808638630e+00,1.651556833130759117e+01,1.652362681545305279e+01,6.696080485323935250e+01,7.651969602317725503e+02
6.094723693111312457e+00,1.661352958345805320e+01,1.741099900051718663e+01,6.597547141602476017e+01,7.690964429325778156e+02
6.194444799756905873e+00,1.670633903736629478e+01,1.827505283539190017e+01,6.501860812724179084e+01,7.730052006503448183e+02
6.294156516012963110e+00,1.679417416518796813e+01,1.911672289355112753e+01,6.408910294126090434e+01,7.769194866331814637e+02
6.393858692232106122e+00,1.687720876447032836e+01,1.993689809014123071e+01,6.318589314538844093e+01,7.808358923500553601e+02
6.493551178853365968e+00,1.695561267877553746e+01,2.073642405292462598e+01,6.230796326829983656e+01,7.847513198502329033e+02
6.593233826403512410e+00,1.702955158113323364e+01,2.151610538360699465e+01,6.145434303525977526e+01,7.886629562834614262e+02
6.692906485498384406e+00,1.709918681195012624e+01,2.227670781131420696e+01,6.062410537673567035e+01,7.925682504304558051e+02
6.792569006844207280e+00,1.716467526394422194e+01,2.301896024059918489e+01,5.981636449545658962e+01,7.964648910998158726e+02
6.892221241238922325e+00,1.722616930751987141e+01,2.374355669684174330e+01,5.903027399563839595e+01,8.003507872546473436e+02
6.991863039573508409e+00,1.728381675076855117e+01,2.445115817226375299e+01,5.826502507696770294e+01,8.042240497396828687e+02
7.091494252833295597e+00,1.733776082896801540e+01,2.514239437605172611e+01,5.751984479498026559e+01,8.080829744872239644e+02
7.191114732099286755e+00,1.738814021907172247e+01,2.581786539226030897e+01,5.679399438866797567e+01,8.119260270878380652e+02
7.290724328549469391e+00,1.743508907523191453e+01,2.647814324928533125e+01,5.608676767548276132e+01,8.157518286192314463e+02
7.390322893460136378e+00,1.747873708189318620e+01,2.712377340475163834e+01,5.539748951335516836e+01,8.195591426339429972e+02
7.489910278207176475e+00,1.751920952143052546e+01,2.775527614967263190e+01,5.472551432889684975e+01,8.233468632134895415e+02
7.589486334267411038e+00,1.755662735369658023e+01,2.837314793571086113e+01,5.407022471059255508e+01,8.271140040033124023e+02
7.689050913219872108e+00,1.759110730518514742e+01,2.897786262931014178e+01,5.343103006550471434e+01,8.308596881492217108e+02
7.788603866747125792e+00,1.762276196582522303e+01,2.956987269638966964e+01,5.280736533778511443e+01,8.345831390619745207e+02
7.888145046636561020e+00,1.765169989168740017e+01,3.014961032118849005e+01,5.219868978712410978e+01,8.382836719423736440e+02
7.987674304781701373e+00,1.767802571212229878e+01,3.071748846273576561e+01,5.160448582514193561e+01,8.419606860044382302e+02
8.087191493183485846e+00,1.770184024005830636e+01,3.127390185229712571e+01,5.102425790764457503e+01,8.456136573392611808e+02
8.186696463951571801e+00,1.772324058437105165e+01,3.181922793501572144e+01,5.045753148061322690e+01,8.492421323666228545e+02
8.286189069305631705e+00,1.774232026339560875e+01,3.235382775883240214e+01,4.990385197777197845e+01,8.528457218258461126e+02
8.385669161576629449e+00,1.775916931879432781e+01,3.287804681362962356e+01,4.936278386757605574e+01,8.564240952612054798e+02
8.485136593208121525e+00,1.777387442911586035e+01,3.339221582340735495e+01,4.883390974747677404e+01,8.599769759609414450e+02
8.584591216757525345e+00,1.778651902248808270e+01,3.389665149416155998e+01,4.831682948335035377e+01,8.635041363122497842e+02
8.684032884897414206e+00,1.779718338798139854e+01,3.439165722000014114e+01,4.781115939201845322e+01,8.670053935377909511e+02
8.783461450416796268e+00,1.780594478525935642e+01,3.487752374990185444e+01,4.731653146483878203e+01,8.704806057820703700e+02
8.882876766222377540e+00,1.781287755220497715e+01,3.535452981739284439e+01,4.683259263040218201e+01,8.739296685186883451e+02
8.982278685339849744e+00,1.781805321027105293e+01,3.582294273529311823e+01,4.635900405443582883e+01,8.773525112519495224e+02
9.081667060915158629e+00,1.782154056735733860e+01,3.628301895756730033e+01,4.589544047507534685e+01,8.807490944884017381e+02
9.181041746215761634e+00,1.782340581805952695e+01,3.673500461019653329e+01,4.544158957174394686e+01,8.841194069561036031e+02
9.280402594631913971e+00,1.782371264117836418e+01,3.717913599288277737e+01,4.499715136593886200e+01,8.874634630510688567e+02
9.379749459677913848e+00,1.782252229440593894e+01,3.761564005328899185e+01,4.456183765230507277e+01,8.907813004923212929e+02
9.479082194993370791e+00,1.781989370613935719e+01,3.804473483542276568e+01,4.413537145843788068e+01,8.940729781682304065e+02
9.578400654344461529e+00,1.781588356439185006e+01,3.846662990367358503e+01,4.371748653193457557e+01,8.973385741586089352e+02
9.677704691625187650e+00,1.781054640279509726e+01,3.888152674392743791e+01,4.330792685327745772e+01,9.005781839180202724e+02
9.776994160858622607e+00,1.780393468370230181e+01,3.928961914309503101e+01,4.290644617320268139e+01,9.037919186072307411e+02
9.876268916198162273e+00,1.779609887841637672e+01,3.969109354831314107e+01,4.251280757327047866e+01,9.069799035606367852e+02
9.975528811928775497e+00,1.778708754457889540e+01,4.008612940700022165e+01,4.212678304842089005e+01,9.101422768786485449e+02
1.007477370246824044e+01,1.777694740076653446e+01,4.047489948887825051e+01,4.174815311035520438e+01,9.132791881348632614e+02
1.017400344236839516e+01,1.776572339834867975e+01,4.085757019100468312e+01,4.137670641064662647e+01,9.163907971887008443e+02
1.027321788631636146e+01,1.775345879066624732e+01,4.123430182679575751e+01,4.101223938253799162e+01,9.194772730950344339e+02
1.037241688913579019e+01,1.774019519959779245e+01,4.160524889996310804e+01,4.065455590043909950e+01,9.225387931028999446e+02
1.047160030578808509e+01,1.772597267958181533e+01,4.197056036422867464e+01,4.030346695618951713e+01,9.255755417361864374e+02
1.057076799137364453e+01,1.771082977916662315e+01,4.233037986963289967e+01,3.995879035120047007e+01,9.285877099497074596e+02
1.066991980113306226e+01,1.769480360016343212e+01,4.268484599619860376e+01,3.962035040363797123e+01,9.315754943545614424e+02
1.076905559044837979e+01,1.767792985447635346e+01,4.303409247567007867e+01,3.928797766985356787e+01,9.345390965072940617e+02
1.086817521484427651e+01,1.766024291868557228e+01,4.337824840200076437e+01,3.896150867931366690e+01,9.374787222577504053e+02
1.096727852998931141e+01,1.764177588646033357e+01,4.371743843122361284e+01,3.864078568231605004e+01,9.403945811509357782e+02
1.106636539169711675e+01,1.762256061887620007e+01,4.405178297129961607e+01,3.832565640982419097e+01,9.432868858785909651e+02
1.116543565592761844e+01,1.760262779271238287e+01,4.438139836250471149e+01,3.801597384478291275e+01,9.461558517765441820e+02
1.126448917878823330e+01,1.758200694680222398e+01,4.470639704888012744e+01,3.771159600431764858e+01,9.490016963642035535e+02
1.136352581653508942e+01,1.756072652650969346e+01,4.502688774124159465e+01,3.741238573224870123e+01,9.518246389228678481e+02
1.146254542557419498e+01,1.753881392640287729e+01,4.534297557221179886e+01,3.711821050138533451e+01,9.546249001097822884e+02
1.156154786246267641e+01,1.751629553119384752e+01,4.565476224371379743e+01,3.682894222509235505e+01,9.574027016051157943e+02
1.166053298390993120e+01,1.749319675501208238e+01,4.596234616733658385e+01,3.654445707765134443e+01,9.601582657892920452e+02
1.175950064677884832e+01,1.746954207907806733e+01,4.626582259795919327e+01,3.626463532296274650e+01,9.628918154482439604e+02
1.185845070808697876e+01,1.744535508783979694e+01,4.656528376099860367e+01,3.598936115116158874e+01,9.656035735044497414e+02
1.195738302500772221e+01,1.742065850363510293e+01,4.686081897362277715e+01,3.571852252274212702e+01,9.682937627716614770e+02
1.205629745487150828e+01,1.739547421993829346e+01,4.715251476025193256e+01,3.545201101980978109e+01,9.709626057315690559e+02
1.215519385516697248e+01,1.736982333325041594e+01,4.744045496265281514e+01,3.518972170409676181e+01,9.736103243305374235e+02
1.225407208354212685e+01,1.734372617368756408e+01,4.772472084490983235e+01,3.493155298140258935e+01,9.762371397949851826e+02
1.235293199780553763e+01,1.731720233432192302e+01,4.800539119354495909e+01,3.467740647213312144e+01,9.788432724638436184e+02
1.245177345592747642e+01,1.729027069932683247e+01,4.828254241303810801e+01,3.442718688763505952e+01,9.814289416368166030e+02
1.255059631604109782e+01,1.726294947097589016e+01,4.855624861698985484e+01,3.418080191203425500e+01,9.839943654371660386e+02
1.264940043644359058e+01,1.723525619554397537e+01,4.882658171514927403e+01,3.393816208930673639e+01,9.865397606879045043e+02
1.274818567559733395e+01,1.720720778815659457e+01,4.909361149652198009e+01,3.369918071532141113e+01,9.890653428003340650e+02
1.284695189213105238e+01,1.717882055663081786e+01,4.935740570875861266e+01,3.346377373461056237e+01,9.915713256739603594e+02
1.294569894484095762e+01,1.715011022435191279e+01,4.961803013401183904e+01,3.323185964163624107e+01,9.940579216068819051e+02
1.304442669269190347e+01,1.712109195222434721e+01,4.987554866144258625e+01,3.300335938633305233e+01,9.965253412158562014e+02
1.314313499481850833e+01,1.709178035973813081e+01,5.013002335654292807e+01,3.277819628371894112e+01,9.989737933652263564e+02
1.324182371052632057e+01,1.706218954518676512e+01,5.038151452743505843e+01,3.255629592737817291e+01,1.001403485104070342e+03
1.334049269929292691e+01,1.703233310507311771e+01,5.063008078829797398e+01,3.233758610662890476e+01,1.003814621610847325e+03
1.343914182076909114e+01,1.700222415273745824e+01,5.087577912006253911e+01,3.212199672720000621e+01,1.006207406145019263e+03
1.353777093477988558e+01,1.697187533624077815e+01,5.111866492851046218e+01,3.190945973524876322e+01,1.008582040005028034e+03
1.363637990132580491e+01,1.694129885553458337e+01,5.135879209990395822e+01,3.169990904456146907e+01,1.010938722492150191e+03
1.373496858058389058e+01,1.691050647894775949e+01,5.159621305426601623e+01,3.149328046678622073e+01,1.013277650879747625e+03
1.383353683290884284e+01,1.687950955901888861e+01,5.183097879642502903e+01,3.128951164455607881e+01,1.015599020387483165e+03
1.393208451883413623e+01,1.684831904770208411e+01,5.206313896493198001e+01,3.108854198736593233e+01,1.017903024160072277e+03
1.403061149907311567e+01,1.681694551097262291e+01,5.229274187895060066e+01,3.089031261007677642e+01,1.020189853250232659e+03
1.412911763452011371e+01,1.678539914285746093e+01,5.251983458321846854e+01,3.069476627392405277e+01,1.022459696605458930e+03
1.422760278625154307e+01,1.675368977891524125e+01,5.274446289116880848e+01,3.050184732991595382e+01,1.024712741058309348e+03
1.432606681552699257e+01,1.672182690918852543e+01,5.296667142630078473e+01,3.031150166451069339e+01,1.026949171319928155e+03
1.442450958379031789e+01,1.668981969065056958e+01,5.318650366187907252e+01,3.012367664747037210e+01,1.029169169976496505e+03
1.452293095267072864e+01,1.665767695916791880e+01,5.340400195904104663e+01,2.993832108179104168e+01,1.031372917488388566e+03
1.462133078398387909e+01,1.662540724099885026e+01,5.361920760338465186e+01,2.975538515561648722e+01,1.033560592191786327e+03
1.471970893973294281e+01,1.659301876384690999e+01,5.383216084010752667e+01,2.957482039604557400e+01,1.035732370302554273e+03
1.481806528210968033e+01,1.656051946748859649e+01,5.404290090776267164e+01,2.939657962474872122e+01,1.037888425922123361e+03
1.491639967349553331e+01,1.652791701399239699e+01,5.425146607069394378e+01,2.922061691531365568e+01,1.040028931045280842e+03
1.501471197646266909e+01,1.649521879754596654e+01,5.445789365021095563e+01,2.904688755224307073e+01,1.042154055569634693e+03
1.511300205377504824e+01,1.646243195390835368e+01,5.466222005456035049e+01,2.887534799153130294e+01,1.044263967306597578e+03
1.521126976838949929e+01,1.642956336950193830e+01,5.486448080774618319e+01,2.870595582275188917e+01,1.046358831993785088e+03
1.530951498345676676e+01,1.639661969015951470e+01,5.506471057725145357e+01,2.853866973258903528e+01,1.048438813308657700e+03
1.540773756232255565e+01,1.636360732954018715e+01,5.526294320070900312e+01,2.837344946975080617e+01,1.050504072883286881e+03
1.550593736852857951e+01,1.633053247722796897e+01,5.545921171156786755e+01,2.821025581120415993e+01,1.052554770320143007e+03
1.560411426581361738e+01,1.629740110652595675e+01,5.565354836379851378e+01,2.804905052967551882e+01,1.054591063208802780e+03
1.570226811811453338e+01,1.626421898195834359e+01,5.584598465567923853e+01,2.788979636236241788e+01,1.056613107143441539e+03
1.580039878956733723e+01,1.623099166649214098e+01,5.603655135270329879e+01,2.773245698080454957e+01,1.058621055741077043e+03
1.589850614450817368e+01,1.619772452849010236e+01,5.622527850964443985e+01,2.757699696186546845e+01,1.060615060660431254e+03
1.599659004747440605e+01,1.616442274840573390e+01,5.641219549181565185e+01,2.742338175977860715e+01,1.062595271621360780e+03
1.609465036320558085e+01,1.613109132523047151e+01,5.659733099555791824e+01,2.727157767921160669e+01,1.064561836424767762e+03
1.619268695664449353e+01,1.609773508270292908e+01,5.678071306798838691e+01,2.712155184930867691e+01,1.066514900972954592e+03
1.629069969293815845e+01,1.606435867529063444e+01,5.696236912604118885e+01,2.697327219866817316e+01,1.068454609290315830e+03
1.638868843743886927e+01,1.603096659395165346e+01,5.714232597482975251e+01,2.682670743121859402e+01,1.070381103544370717e+03
1.648665305570514406e+01,1.599756317168684916e+01,5.732060982535836047e+01,2.668182700295479037e+01,1.072294524067007160e+03
1.658459341350278393e+01,1.596415258888919730e+01,5.749724631161004140e+01,2.653860109950077018e+01,1.074195009375994232e+03
1.668250937680583235e+01,1.593073887849952897e+01,5.767226050703698803e+01,2.639700061446349011e+01,1.076082696196603592e+03
1.678040081179757337e+01,1.589732593097572888e+01,5.784567694047662911e+01,2.625699712854763845e+01,1.077957719483398932e+03
1.687826758487154066e+01,1.586391749908264615e+01,5.801751961151762060e+01,2.611856288939972615e+01,1.079820212442100001e+03
1.697610956263247317e+01,1.583051720251013528e+01,5.818781200533766906e+01,2.598167079215219388e+01,1.081670306551501881e+03
1.707392661189731342e+01,1.579712853232541292e+01,5.835657710703438283e+01,2.584629436064020780e+01,1.083508131585420870e+03
1.717171859969616676e+01,1.576375485526679476e+01,5.852383741546910301e+01,2.571240772926410401e+01,1.085333815634641269e+03
1.726948539327328902e+01,1.573039941788428919e+01,5.868961495664327543e+01,2.557998562547243537e+01,1.087147485128839207e+03
1.736722686008803862e+01,1.569706535053367524e+01,5.885393129662583078e+01,2.544900335284050641e+01,1.088949264858443485e+03
1.746494286781583938e+01,1.566375567122878465e+01,5.901680755404930778e+01,2.531943677472191112e+01,1.090739277996430474e+03
1.756263328434915749e+01,1.563047328935864755e+01,5.917826441219087030e+01,2.519126229845047149e+01,1.092517646120031941e+03
1.766029797779842170e+01,1.559722100927336541e+01,5.933832213065540628e+01,2.506445686007122831e+01,1.094284489232320993e+03
1.775793681649299316e+01,1.556400153374490536e+01,5.949700055667491938e+01,2.493899790958018059e+01,1.096039925783674107e+03
1.785554966898209628e+01,1.553081746730664214e+01,5.965431913603974579e+01,2.481486339665360319e+01,1.097784072693114013e+03
1.795313640403578148e+01,1.549767131947678855e+01,5.981029692367548734e+01,2.469203175684771878e+01,1.099517045369464540e+03
1.805069689064582761e+01,1.546456550786997575e+01,5.996495259387874199e+01,2.457048189825128759e+01,1.101238957732365407e+03
1.814823099802668338e+01,1.543150236120102647e+01,6.011830445022494729e+01,2.445019318857403334e+01,1.102949922233093048e+03
1.824573859561641953e+01,1.539848412218525731e+01,6.027037043516059356e+01,2.433114544265416157e+01,1.104650049875222294e+03
1.834321955307760277e+01,1.536551295033882703e+01,6.042116813929116859e+01,2.421331891037000261e+01,1.106339450235060440e+03
1.844067374029825146e+01,1.533259092468333051e+01,6.057071481037689864e+01,2.409669426493976374e+01,1.108018231481898738e+03
1.853810102739272025e+01,1.529972004635775384e+01,6.071902736204610562e+01,2.398125259159614231e+01,1.109686500398055159e+03
1.863550128470263090e+01,1.526690224114114969e+01,6.086612238223788296e+01,2.386697537662096735e+01,1.111344362398699786e+03
1.873287438279774619e+01,1.523413936189027318e+01,6.101201614138225438e+01,2.375384449672747067e+01,1.112991921551457381e+03
1.883022019247690437e+01,1.520143319089390843e+01,6.115672460032902791e+01,2.364184220877706011e+01,1.114629280595793261e+03
1.892753858476886819e+01,1.516878544214785762e+01,6.130026341803373668e+01,2.353095113981840569e+01,1.116256540962166355e+03
1.902482943093325574e+01,1.513619776355352364e+01,6.144264795900902243e+01,2.342115427743744860e+01,1.117873802790947366e+03
1.912209260246140019e+01,1.510367173904235472e+01,6.158389330055052113e+01,2.331243496040713836e+01,1.119481164951117989e+03
1.921932797107723090e+01,1.507120889062921698e+01,6.172401423974464763e+01,2.320477686962613006e+01,1.121078725058725013e+03
1.931653540873815800e+01,1.503881068039716062e+01,6.186302530026721769e+01,2.309816401933562346e+01,1.122666579495094311e+03
1.941371478763591796e+01,1.500647851241620501e+01,6.200094073897851388e+01,2.299258074860527756e+01,1.124244823424802689e+03
1.951086598019748664e+01,1.497421373459800797e+01,6.213777455232315816e+01,2.288801171307884275e+01,1.125813550813448046e+03
1.960798885908587152e+01,1.494201764048962389e+01,6.227354048254179730e+01,2.278444187696858236e+01,1.127372854445113717e+03
1.970508329720103546e+01,1.490989147100761336e+01,6.240825202369979507e+01,2.268185650529260400e+01,1.128922825939654331e+03
1.980214916768070310e+01,1.487783641611509466e+01,6.254192242754079700e+01,2.258024115634411544e+01,1.130463555769710638e+03
1.989918634390121710e+01,1.484585361644388257e+01,6.267456470917006328e+01,2.247958167438605770e+01,1.131995133277492869e+03
1.999619469947839079e+01,1.481394416486317489e+01,6.280619165257418501e+01,2.237986418256263832e+01,1.133517646691327627e+03
2.009317410826832884e+01,1.478210910799723798e+01,6.293681581598187336e+01,2.228107507602088333e+01,1.135031183141961492e+03
2.019012444436827991e+01,1.475034944769344492e+01,6.306644953707210277e+01,2.218320101523446297e+01,1.136535828678643611e+03
2.028704558211743603e+01,1.471866614244264682e+01,6.319510493803430506e+01,2.208622891952303036e+01,1.138031668284944999e+03
2.038393739609776389e+01,1.468706010875354373e+01,6.332279393048560223e+01,2.199014596076085226e+01,1.139518785894373423e+03
2.048079976113485046e+01,1.465553222248242093e+01,6.344952822024950478e+01,2.189493955726807073e+01,1.140997264405749775e+03
2.057763255229867028e+01,1.462408332012028112e+01,6.357531931200156805e+01,2.180059736787815083e+01,1.142467185698333878e+03
2.067443564490443109e+01,1.459271420003818065e+01,6.370017851378543128e+01,2.170710728617637741e+01,1.143928630646759530e+03
2.077120891451333762e+01,1.456142562369287496e+01,6.382411694140426306e+01,2.161445743490284954e+01,1.145381679135705781e+03
2.086795223693344070e+01,1.453021831679382458e+01,6.394714552269093844e+01,2.152263616051524053e+01,1.146826410074365413e+03
2.096466548822037979e+01,1.449909297043264544e+01,6.406927500166162304e+01,2.143163202790572086e+01,1.148262901410697850e+03
2.106134854467820716e+01,1.446805024217698943e+01,6.419051594255606119e+01,2.134143381526697070e+01,1.149691230145444706e+03
2.115800128286014825e+01,1.443709075712925305e+01,6.431087873376839070e+01,2.125203050910236158e+01,1.151111472345934772e+03
2.125462357956937964e+01,1.440621510895193857e+01,6.443037359167192335e+01,2.116341129937614696e+01,1.152523703159692559e+03
2.135121531185984267e+01,1.437542386086056645e+01,6.454901056434123063e+01,2.107556557479818338e+01,1.153927996827795823e+03
2.144777635703695040e+01,1.434471754658502540e+01,6.466679953517527224e+01,2.098848291823969703e+01,1.155324426698075740e+03
2.154430659265839409e+01,1.431409667130081864e+01,6.478375022642366332e+01,2.090215310227551626e+01,1.156713065238067202e+03
2.164080589653488929e+01,1.428356171253111562e+01,6.489987220262020173e+01,2.081656608484869508e+01,1.158093984047770391e+03
2.173727414673093605e+01,1.425311312102024175e+01,6.501517487392598582e+01,2.073171200505378309e+01,1.159467253872224092e+03
2.183371122156555089e+01,1.422275132158009292e+01,6.512966749938520650e+01,2.064758117903470236e+01,1.160832944613850032e+03
2.193011699961301986e+01,1.419247671390983001e+01,6.524335919009594420e+01,2.056416409599421513e+01,1.162191125344642842e+03
2.202649135970365890e+01,1.416228967339048772e+01,6.535625891229858553e+01,2.048145141431091432e+01,1.163541864318126727e+03
2.212283418092450660e+01,1.413219055185445150e+01,6.546837549038541226e+01,2.039943395776013801e+01,1.164885228981146383e+03
2.221914534262008800e+01,1.410217967833099806e+01,6.557971760983238596e+01,2.031810271183661243e+01,1.166221285985459417e+03
2.231542472439312519e+01,1.407225735976940584e+01,6.569029382005574291e+01,2.023744882017485125e+01,1.167550101199156188e+03
2.241167220610524780e+01,1.404242388173878098e+01,6.580011253719730746e+01,2.015746358106392222e+01,1.168871739717876153e+03
2.250788766787773199e+01,1.401267950910710702e+01,6.590918204683778470e+01,2.007813844405511006e+01,1.170186265875870731e+03
2.260407099009217546e+01,1.398302448669888420e+01,6.601751050664302056e+01,1.999946500665811300e+01,1.171493743256863127e+03
2.270022205339123289e+01,1.395345903993282555e+01,6.612510594894317251e+01,1.992143501112400372e+01,1.172794234704762403e+03
2.279634073867929445e+01,1.392398337543980524e+01,6.623197628324838604e+01,1.984404034131180694e+01,1.174087802334176331e+03
2.289242692712320704e+01,1.389459768166210551e+01,6.633812929870134667e+01,1.976727301963654782e+01,1.175374507540774175e+03
2.298848050015291733e+01,1.386530212943418405e+01,6.644357266646946414e+01,1.969112520409634115e+01,1.176654411011493266e+03
2.308450133946219651e+01,1.383609687254568321e+01,6.654831394207894846e+01,1.961558918537536300e+01,1.177927572734542537e+03
2.318048932700930820e+01,1.380698204828757802e+01,6.665236056769077777e+01,1.954065738402163532e+01,1.179194052009291909e+03
2.327644434501767989e+01,1.377795777798141152e+01,6.675571987432182652e+01,1.946632234769676018e+01,1.180453907455975468e+03
2.337236627597656380e+01,1.374902416749264056e+01,6.685839908401246134e+01,1.939257674849490698e+01,1.181707197025242976e+03
2.346825500264171183e+01,1.372018130772828037e+01,6.696040531194117307e+01,1.931941338033053768e+01,1.182953978007566548e+03
2.356411040803604351e+01,1.369142927511987828e+01,6.706174556848918655e+01,1.924682515639095115e+01,1.184194307042476794e+03
2.365993237545028194e+01,1.366276813209131369e+01,6.716242676125497724e+01,1.917480510665370375e+01,1.185428240127692789e+03
2.375572078844360391e+01,1.363419792751293613e+01,6.726245569702177818e+01,1.910334637546529635e+01,1.186655832628045800e+03
2.385147553084429362e+01,1.360571869714209470e+01,6.736183908367749495e+01,1.903244221918042456e+01,1.187877139284311625e+03
2.394719648675038570e+01,1.357733046404996990e+01,6.746058353209033953e+01,1.896208600385969589e+01,1.189092214221880113e+03
2.404288354053027277e+01,1.354903323903591250e+01,6.755869555794009784e+01,1.889227120302398788e+01,1.190301110959278731e+03
2.413853657682336618e+01,1.352082702102952716e+01,6.765618158350613953e+01,1.882299139546433508e+01,1.191503882416580609e+03
2.423415548054070712e+01,1.349271179748026483e+01,6.775304793941477044e+01,1.875424026310496473e+01,1.192700580923656844e+03
2.432974013686556702e+01,1.346468754473573171e+01,6.784930086634554414e+01,1.868601158891871705e+01,1.193891258228317611e+03
2.442529043125409416e+01,1.343675422840870048e+01,6.794494651669829466e+01,1.861829925489301019e+01,1.195075965504297301e+03
2.452080624943589626e+01,1.340891180373281166e+01,6.803999095622238258e+01,1.855109724004481819e+01,1.196254753359148481e+03
2.461628747741466583e+01,1.338116021590824722e+01,6.813444016560799810e+01,1.848439961848375646e+01,1.197427671841972597e+03
2.471173400146874854e+01,1.335349940043658279e+01,6.822830004204226384e+01,1.841820055752114271e+01,1.198594770451049271e+03
2.480714570815177211e+01,1.332592928344618066e+01,6.832157640072902893e+01,1.835249431582478863e+01,1.199756098141345774e+03
2.490252248429319692e+01,1.329844978200745764e+01,6.841427497637543809e+01,1.828727524161709539e+01,1.200911703331892568e+03
2.499786421699893424e+01,1.327106080443917691e+01,6.850640142464436622e+01,1.822253777091646043e+01,1.202061633913064497e+03
2.509317079365190395e+01,1.324376225060542112e+01,6.859796132357504916e+01,1.815827642581953327e+01,1.203205937253716002e+03
2.518844210191260657e+01,1.321655401220418469e+01,6.868896017497138473e+01,1.809448581282444124e+01,1.204344660208235837e+03
2.528367802971970590e+01,1.318943597304674853e+01,6.877940340576034828e+01,1.803116062119288898e+01,1.205477849123469923e+03
2.537887846529057256e+01,1.316240800932952837e+01,6.886929636931992604e+01,1.796829562135054559e+01,1.206605549845539144e+03
2.547404329712187021e+01,1.313546998989751913e+01,6.895864434677771726e+01,1.790588566332477072e+01,1.207727807726553692e+03
2.556917241399006002e+01,1.310862177649996241e+01,6.904745254828189616e+01,1.784392567521814499e+01,1.208844667631218499e+03
2.566426570495199400e+01,1.308186322403867585e+01,6.913572611424373804e+01,1.778241066171759499e+01,1.209956173943339309e+03
2.575932305934545496e+01,1.305519418080892180e+01,6.922347011655362792e+01,1.772133570263743962e+01,1.211062370572224836e+03
2.585434436678966108e+01,1.302861448873328953e+01,6.931068955977089274e+01,1.766069595149580707e+01,1.212163300958976379e+03
2.594932951718582004e+01,1.300212398358869237e+01,6.939738938228757092e+01,1.760048663412373671e+01,1.213259008082710807e+03
2.604427840071764777e+01,1.297572249522661103e+01,6.948357445746796657e+01,1.754070304730541352e+01,1.214349534466644855e+03
2.613919090785192623e+01,1.294940984778706117e+01,6.956924959476332049e+01,1.748134055744960591e+01,1.215434922184121660e+03
2.623406692933894746e+01,1.292318585990596702e+01,6.965441954080331755e+01,1.742239459929071188e+01,1.216515212864524983e+03
2.632890635621309627e+01,1.289705034491698221e+01,6.973908898046394711e+01,1.736386067461905114e+01,1.217590447699097695e+03
2.642370907979332983e+01,1.287100311104672201e+01,6.982326253791370618e+01,1.730573435103958602e+01,1.218660667446687512e+03
2.651847499168366085e+01,1.284504396160493300e+01,6.990694477763680936e+01,1.724801126075824342e+01,1.219725912439392005e+03
2.661320398377368690e+01,1.281917269516869595e+01,6.999014020543621939e+01,1.719068709939507400e+01,1.220786222588105829e+03
2.670789594823906299e+01,1.279338910576120547e+01,7.007285326941482140e+01,1.713375762482396425e+01,1.221841637388017034e+03
2.680255077754199178e+01,1.276769298302574462e+01,7.015508836093687250e+01,1.707721865603737754e+01,1.222892195923978534e+03
2.689716836443169967e+01,1.274208411239407468e+01,7.023684981556942830e+01,1.702106607203647926e+01,1.223937936875827518e+03
2.699174860194493775e+01,1.271656227525016725e+01,7.031814191400447100e+01,1.696529581074534931e+01,1.224978898523600947e+03
2.708629138340641518e+01,1.269112724908917400e+01,7.039896888296213717e+01,1.690990386794869593e+01,1.226015118752691706e+03
2.718079660242928597e+01,1.266577880767156294e+01,7.047933489607557078e+01,1.685488629625286450e+01,1.227046635058911761e+03
2.727526415291562500e+01,1.264051672117297898e+01,7.055924407475788485e+01,1.680023920406913973e+01,1.228073484553479602e+03
2.736969392905684373e+01,1.261534075632946639e+01,7.063870048905161525e+01,1.674595875461892547e+01,1.229095703967940835e+03
2.746408582533419462e+01,1.259025067657880470e+01,7.071770815846059577e+01,1.669204116496060664e+01,1.230113329659010560e+03
2.755843973651916201e+01,1.256524624219720820e+01,7.079627105276630061e+01,1.663848270503649118e+01,1.231126397613328436e+03
2.765275555767393101e+01,1.254032721043258114e+01,7.087439309282639499e+01,1.658527969674102920e+01,1.232134943452166453e+03
2.774703318415184228e+01,1.251549333563350075e+01,7.095207815135863427e+01,1.653242851300786143e+01,1.233139002436040300e+03
2.784127251159777572e+01,1.249074436937452148e+01,7.102933005370849173e+01,1.647992557691699034e+01,1.234138609469281619e+03
2.793547343594861232e+01,1.246608006057780926e+01,7.110615257860224858e+01,1.642776736081995281e+01,1.235133799104502714e+03
2.802963585343365338e+01,1.244150015563136691e+01,7.118254945888436680e+01,1.637595038548427695e+01,1.236124605547033525e+03
2.812375966057501131e+01,1.241700439850347770e+01,7.125852438224154639e+01,1.632447121925498834e+01,1.237111062659265144e+03
2.821784475418804661e+01,1.239259253085413270e+01,7.133408099191169072e+01,1.627332647723417480e+01,1.238093203964938084e+03
2.831189103138175511e+01,1.236826429214301726e+01,7.140922288737966994e+01,1.622251282047731280e+01,1.239071062653369154e+03
2.840589838955917656e+01,1.234401941973415973e+01,7.148395362505951312e+01,1.617202695520632716e+01,1.240044671583610580e+03
2.849986672641780316e+01,1.231985764899812175e+01,7.155827671896301467e+01,1.612186563203886536e+01,1.241014063288550460e+03
2.859379593994993485e+01,1.229577871341019524e+01,7.163219564135636119e+01,1.607202564523344890e+01,1.241979269978952971e+03
2.868768592844309850e+01,1.227178234464685680e+01,7.170571382340311573e+01,1.602250383195001504e+01,1.242940323547430808e+03
2.878153659048041746e+01,1.224786827267835498e+01,7.177883465579604660e+01,1.597329707152557710e+01,1.243897255572371478e+03
2.887534782494097740e+01,1.222403622585929206e+01,7.185156148937599596e+01,1.592440228476471376e+01,1.244850097321799694e+03
2.896911953100019943e+01,1.220028593101603676e+01,7.192389763573960693e+01,1.587581643324435809e+01,1.245798879757189070e+03
2.906285160813024149e+01,1.217661711353205867e+01,7.199584636783548319e+01,1.582753651863247590e+01,1.246743633537191499e+03
2.915654395610028260e+01,1.215302949743021799e+01,7.206741092054883779e+01,1.577955958202094067e+01,1.247684389021361085e+03
2.925019647497695630e+01,1.212952280545295913e+01,7.213859449127593848e+01,1.573188270327111304e+01,1.248621176273773699e+03
2.934380906512465970e+01,1.210609675914005656e+01,7.220940024048672967e+01,1.568450300037320666e+01,1.249554025066629265e+03
2.943738162720588747e+01,1.208275107890391808e+01,7.227983129227840209e+01,1.563741762881769937e+01,1.250482964883774684e+03
2.953091406218162263e+01,1.205948548410290577e+01,7.234989073491719580e+01,1.559062378097990731e+01,1.251408024924200845e+03
2.962440627131161364e+01,1.203629969311219483e+01,7.241958162137133570e+01,1.554411868551647480e+01,1.252329234105476189e+03
2.971785815615475812e+01,1.201319342339276375e+01,7.248890696983374937e+01,1.549789960677346912e+01,1.253246621067123215e+03
2.981126961856938351e+01,1.199016639155802899e+01,7.255786976423543422e+01,1.545196384420653501e+01,1.254160214173969962e+03
2.990464056071357746e+01,1.196721831343887210e+01,7.262647295474891962e+01,1.540630873181221538e+01,1.255070041519418965e+03
2.999797088504554665e+01,1.194434890414638950e+01,7.269471945828314574e+01,1.536093163757047719e+01,1.255976130928709608e+03
3.009126049432386196e+01,1.192155787813286949e+01,7.276261215896927581e+01,1.531582996289785648e+01,1.256878509962093631e+03
3.018450929160778529e+01,1.189884494925093961e+01,7.283015390863759819e+01,1.527100114211146753e+01,1.257777205917997890e+03
3.027771718025762482e+01,1.187620983081098736e+01,7.289734752728563194e+01,1.522644264190338781e+01,1.258672245836131196e+03
3.037088406393495532e+01,1.185365223563674952e+01,7.296419580353845902e+01,1.518215196082480034e+01,1.259563656500528396e+03
3.046400984660292011e+01,1.183117187611917664e+01,7.303070149510034526e+01,1.513812662878047632e+01,1.260451464442582164e+03
3.055709443252658630e+01,1.180876846426883020e+01,7.309686732919841745e+01,1.509436420653275590e+01,1.261335695944013878e+03
3.065013772627313671e+01,1.178644171176650701e+01,7.316269600301858134e+01,1.505086228521490455e+01,1.262216377039807412e+03
3.074313963271219308e+01,1.176419133001244433e+01,7.322819018413373726e+01,1.500761848585382907e+01,1.263093533521087920e+03
3.083610005701608614e+01,1.174201703017393683e+01,7.329335251092412307e+01,1.496463045890192944e+01,1.263967190937993564e+03
3.092901890466011139e+01,1.171991852323154681e+01,7.335818559299090680e+01,1.492189588377754106e+01,1.264837374602471982e+03
3.102189608142279909e+01,1.169789552002373867e+01,7.342269201156204872e+01,1.487941246841420195e+01,1.265704109591050837e+03
3.111473149338615585e+01,1.167594773129048846e+01,7.348687431989095842e+01,1.483717794881854779e+01,1.266567420747577671e+03
