# Well Angle,Fracture 1,Fracture 2,Fracture 3,Pressure Drop
1.003354252449484146e-01,3.593590112424505634e+01,3.233613315921166986e+01,3.172796571654328091e+01,3.588827464989656164e+02
2.006706966436306028e-01,3.537972038161957045e+01,3.232656629574367457e+01,3.229371332263675498e+01,3.603855241025606801e+02
3.010056603245632179e-01,3.483132376203575120e+01,3.230289779280938944e+01,3.286577844515486646e+01,3.617972474700251837e+02
4.013401625788883820e-01,3.429038416230631725e+01,3.226512361187641886e+01,3.344449222581727099e+01,3.631189801691507455e+02
5.006912612564722309e-01,3.376177986927375230e+01,3.221379988507111136e+01,3.402442024565512924e+01,3.643400539400939806e+02
6.005615116529761099e-01,3.323716443703421675e+01,3.214821069717986290e+01,3.461462486578592035e+01,3.654804310085158932e+02
7.004308497143204582e-01,3.271902828007258535e+01,3.206853469135819523e+01,3.521243702856921232e+01,3.665342961104490200e+02
8.002991237428552784e-01,3.220708582080602866e+01,3.197470185653576280e+01,3.581821232265819788e+01,3.675023755340519074e+02
9.001661820506275946e-01,3.170105932880064614e+01,3.186662555479781034e+01,3.643231511640153997e+01,3.683853204263656380e+02
1.000031872960765789e+00,3.120067841641810347e+01,3.174420237923398247e+01,3.705511920434789630e+01,3.691837086812176381e+02
1.100961253905949455e+00,3.070042764747463337e+01,3.160577333869503036e+01,3.769379901383032916e+01,3.699052148898718428e+02
1.200823736403118236e+00,3.021060702931832154e+01,3.145412154517936543e+01,3.833527142550232725e+01,3.705350494225389753e+02
1.300418102405262344e+00,2.972694449242742465e+01,3.128817173385337114e+01,3.898488377371919711e+01,3.710802948407713302e+02
1.400809364927726230e+00,2.924405878749767140e+01,3.110585651969021725e+01,3.965008469281210779e+01,3.715464189655469909e+02
1.500665914816155189e+00,2.876813151929458101e+01,3.090934219921074799e+01,4.032252628149467455e+01,3.719271435169716256e+02
1.600520185534808570e+00,2.829635324487205850e+01,3.069749172388349123e+01,4.100615503124445382e+01,3.722253327587259264e+02
1.700105757316529465e+00,2.782973539505621119e+01,3.047070352080420363e+01,4.169956108413958873e+01,3.724406282703490092e+02
1.800221283243522041e+00,2.736432297795225921e+01,3.022684698627008970e+01,4.240883003577764754e+01,3.725744728481604966e+02
1.899950655587020032e+00,2.690415905546956310e+01,2.996784924866140543e+01,4.312799169586903503e+01,3.726254420051731699e+02
1.999930083045492024e+00,2.644608005690699670e+01,2.969179900031365804e+01,4.386212094277934170e+01,3.725939470400517735e+02
2.099906465473766470e+00,2.599103959163248589e+01,2.939902027051531519e+01,4.460994013785219892e+01,3.724796192928753271e+02
2.199879650817317511e+00,2.553882264880453690e+01,2.908917829667512933e+01,4.537199905452034443e+01,3.722822657154540593e+02
2.299849487050810826e+00,2.508921672889341536e+01,2.876191507856835727e+01,4.614886819253823802e+01,3.720016360780712148e+02
2.399815822179489189e+00,2.464201156305949780e+01,2.841684848312992528e+01,4.694113995381057691e+01,3.716374239995424773e+02
2.499778504240557808e+00,2.419699884245956412e+01,2.805357127864534661e+01,4.774942987889508572e+01,3.711892680113459733e+02
2.599737381304565442e+00,2.375397195714962351e+01,2.767165009475031567e+01,4.857437794810006437e+01,3.706567526736851050e+02
2.699692301476790846e+00,2.331272574435228151e+01,2.727062430435862694e+01,4.941664995128910221e+01,3.700394097630517649e+02
2.799643112898621666e+00,2.287305624595921927e+01,2.685000482333788696e+01,5.027693893070288311e+01,3.693367195528474554e+02
2.899589663748938673e+00,2.243476047524786665e+01,2.640927282343839622e+01,5.115596670131373713e+01,3.685481122108454883e+02
2.999531802245492429e+00,2.199763619290703787e+01,2.594787835365659490e+01,5.205448545343637079e+01,3.676729693397942924e+02
3.099469376646286189e+00,2.156148169259218861e+01,2.546523886487627664e+01,5.297327944253152765e+01,3.667106256904088468e+02
3.199402235250955240e+00,2.112609559636528189e+01,2.496073763228650932e+01,5.391316677134820878e+01,3.656603710791790718e+02
3.299330226402140021e+00,2.069127666052244408e+01,2.443372206971340788e+01,5.487500126976414805e+01,3.645214525471869251e+02
3.399253198486867245e+00,2.025682359247556619e+01,2.388350192963983787e+01,5.585967447788460305e+01,3.632930768001928072e+02
3.499170999937923909e+00,1.982253487953025584e+01,2.330934738231039560e+01,5.686811773815934146e+01,3.619744129749993817e+02
3.599083479235231753e+00,1.938820863060335498e+01,2.271048696694031577e+01,5.790130440245633281e+01,3.605645957822597438e+02
3.698990484907222154e+00,1.895364243213902711e+01,2.208610540766646579e+01,5.896025216019451420e+01,3.590627290818435995e+02
3.798891865532205259e+00,1.851863321972850684e+01,2.143534128649733361e+01,6.004602549377415954e+01,3.574678899534401921e+02
3.898787469739746658e+00,1.808297716720765180e+01,2.075728456514710984e+01,6.115973826764523835e+01,3.557791333324186667e+02
3.998677146212032518e+00,1.764646959530973191e+01,2.005097394727708604e+01,6.230255645741318205e+01,3.539954972892690535e+02
4.098560743685243146e+00,1.720890490228662983e+01,1.931539407232765626e+01,6.347570102538572456e+01,3.521160090400629201e+02
4.198438110950915458e+00,1.677007651928814624e+01,1.854947253181212119e+01,6.468045094889973257e+01,3.501396917856842492e+02
4.298309096857314771e+00,1.632977689370632746e+01,1.775207669866997051e+01,6.591814640762369493e+01,3.480655724889392673e+02
4.398173550310795044e+00,1.588779750415965886e+01,1.692201036005916492e+01,6.719019213578117444e+01,3.458926907113099674e+02
4.498031320277168454e+00,1.544392891130915935e+01,1.605801014381418668e+01,6.849806094487665575e+01,3.436201086451991387e+02
4.597882255783063421e+00,1.499796084927870510e+01,1.515874172873019354e+01,6.984329742199109603e+01,3.412469224929836855e+02
4.697726205917286180e+00,1.454968236308778806e+01,1.422279582887845883e+01,7.122752180803374245e+01,3.387722753614120847e+02
4.797563019832182363e+00,1.409888199822010790e+01,1.324868394233111246e+01,7.265243405944877964e+01,3.361953718587044477e+02
4.897392546744996800e+00,1.364534804923012246e+01,1.223483385501244491e+01,7.411981809575742375e+01,3.335154946025212439e+02
4.997214635939223548e+00,1.318886887515810713e+01,1.117958489092824159e+01,7.563154623391365305e+01,3.307320228696324307e+02
5.097029136765969248e+00,1.272923329047038266e+01,1.008118290079445600e+01,7.718958380873517910e+01,3.278444536429310574e+02
5.196835898645304042e+00,1.226623104128241692e+01,8.937774982136140522e+00,7.879599397658142834e+01,3.248524253383026803e+02
5.296634771067609826e+00,1.179965337775267997e+01,7.747403925309881423e+00,8.045294269693744127e+01,3.217557445230273743e+02
5.396425603594937392e+00,1.188906102088335359e+01,8.342708098690893692e+00,7.976823088042574739e+01,3.240226092718374389e+02
5.496208245862351127e+00,1.216345025807217439e+01,9.543714280777912506e+00,7.829283546114990600e+01,3.281694143080615049e+02
5.595982547579276378e+00,1.242411561620373028e+01,1.070460901434142720e+01,7.687127536945483541e+01,3.322686755484489822e+02
5.695748358530851263e+00,1.267169935763911504e+01,1.182742018658957051e+01,7.550088045577130913e+01,3.363191678642372153e+02
5.795505528579258936e+00,1.290681506726377670e+01,1.291405099626066821e+01,7.417913393647555154e+01,3.403199690689080512e+02
5.895253907665082949e+00,1.313004833533276994e+01,1.396628821008799015e+01,7.290366345457924524e+01,3.442704200334731013e+02
5.994993345808638630e+00,1.334195755195709587e+01,1.498580990635447741e+01,7.167223254168843027e+01,3.481700895336694543e+02
6.094723693111312457e+00,1.354307478329005221e+01,1.597419272433484316e+01,7.048273249237510640e+01,3.520187433005592652e+02
6.194444799756905873e+00,1.373390670464077168e+01,1.693291864085779252e+01,6.933317465450143402e+01,3.558163167988528812e+02
6.294156516012963110e+00,1.391493557015556526e+01,1.786338129677820774e+01,6.822168313306622167e+01,3.595628913063576420e+02
6.393858692232106122e+00,1.408662020246248048e+01,1.876689189700814708e+01,6.714648790052936533e+01,3.632586729131483594e+02
6.493551178853365968e+00,1.424939698884599437e+01,1.964468470806556155e+01,6.610591830308845829e+01,3.669039741004234543e+02
6.593233826403512410e+00,1.440368087319803792e+01,2.049792217698640329e+01,6.509839694981556590e+01,3.704991975964593394e+02
6.692906485498384406e+00,1.454986633523419393e+01,2.132769969501227436e+01,6.412243396975352994e+01,3.740448222409656864e+02
6.792569006844207280e+00,1.468832835034029038e+01,2.213505002879054828e+01,6.317662162086915600e+01,3.775413906196805556e+02
6.892221241238922325e+00,1.481942332497509796e+01,2.292094744098223558e+01,6.225962923404267002e+01,3.809894982582494549e+02
6.991863039573508409e+00,1.494349000384519144e+01,2.368631152121222883e+01,6.137019847494256908e+01,3.843897841889109372e+02
7.091494252833295597e+00,1.506085034613357010e+01,2.443201074726200517e+01,6.050713890660443184e+01,3.877429227251806196e+02
7.191114732099286755e+00,1.517181036893319224e+01,2.515886579533180267e+01,5.966932383573501397e+01,3.910496162990957032e+02
7.290724328549469391e+00,1.527666095674755020e+01,2.586765261711170893e+01,5.885568642614074264e+01,3.943105892326552748e+02
7.390322893460136378e+00,1.537567863649258371e+01,2.655910530031867367e+01,5.806521606318874262e+01,3.975265823303558932e+02
7.489910278207176475e+00,1.546912631789423287e+01,2.723391872829795801e+01,5.729695495380781267e+01,4.006983481930766970e+02
7.589486334267411038e+00,1.555725399953971966e+01,2.789275105325705795e+01,5.654999494720321707e+01,4.038266471655101668e+02
7.689050913219872108e+00,1.564029944112609272e+01,2.853622599671508553e+01,5.582347456215881465e+01,4.069122438397407109e+02
7.788603866747125792e+00,1.571848880266930593e+01,2.916493498980371513e+01,5.511657620752698250e+01,4.099559040469212619e+02
7.888145046636561020e+00,1.579203725160293104e+01,2.977943916516497325e+01,5.442852358323209927e+01,4.129583922770361255e+02
7.987674304781701373e+00,1.586114953881613054e+01,3.038027121134327402e+01,5.375857924984058656e+01,4.159204694740222976e+02
8.087191493183485846e+00,1.592602054476675022e+01,3.096793709977653108e+01,5.310604235545670804e+01,4.188428911597949877e+02
8.186696463951571801e+00,1.598683579685951628e+01,3.154291769374585996e+01,5.247024650939462731e+01,4.217264058463127867e+02
8.286189069305631705e+00,1.604377195931148847e+01,3.210567024794844571e+01,5.185055779274006937e+01,4.245717536997427146e+02
8.385669161576629449e+00,1.609699729673940283e+01,3.265662980670876436e+01,5.124637289655182570e+01,4.273796654250623419e+02
8.485136593208121525e+00,1.614667211269975056e+01,3.319621050824162722e+01,5.065711737905863288e+01,4.301508613433137498e+02
8.584591216757525345e+00,1.619294916439898557e+01,3.372480680181769941e+01,5.008224403378330436e+01,4.328860506369808832e+02
8.684032884897414206e+00,1.623597405476611044e+01,3.424279458416740596e+01,4.952123136106648360e+01,4.355859307419826791e+02
8.783461450416796268e+00,1.627588560304909393e+01,3.475053226097200110e+01,4.897358213597891563e+01,4.382511868673428239e+02
8.882876766222377540e+00,1.631281619506012603e+01,3.524836173885091739e+01,4.843882206608895302e+01,4.408824916258594726e+02
8.982278685339849744e+00,1.634689211415505739e+01,3.573660935284143392e+01,4.791649853300351225e+01,4.434805047611471309e+02
9.081667060915158629e+00,1.637823385398927911e+01,3.621558673398380535e+01,4.740617941202690844e+01,4.460458729581709463e+02
9.181041746215761634e+00,1.640695641404813188e+01,3.668559162128151030e+01,4.690745196467035072e+01,4.485792297259391148e+02
9.280402594631913971e+00,1.643316957890614560e+01,3.714690862197343790e+01,4.641992179912041649e+01,4.510811953424316698e+02
9.379749459677913848e+00,1.645697818212270391e+01,3.759980992376461728e+01,4.594321189411268591e+01,4.535523768530083544e+02
9.479082194993370791e+00,1.647848235563852271e+01,3.804455596238289417e+01,4.547696168197859379e+01,4.559933681146456479e+02
9.578400654344461529e+00,1.649777776549365527e+01,3.848139604757403731e+01,4.502082618693230387e+01,4.584047498792353963e+02
9.677704691625187650e+00,1.651495583464290107e+01,3.891056895041901953e+01,4.457447521493808296e+01,4.607870899100852853e+02
9.776994160858622607e+00,1.653010395360630724e+01,3.933230345463562827e+01,4.413759259175805028e+01,4.631409431263861052e+02
9.876268916198162273e+00,1.654330567964940002e+01,3.974681887433305860e+01,4.370987544601753427e+01,4.654668517711685354e+02
9.975528811928775497e+00,1.655464092515068231e+01,4.015432554050132552e+01,4.329103353434800283e+01,4.677653455987214102e+02
1.007477370246824044e+01,1.656418613577771026e+01,4.055502525835113659e+01,4.288078860587115315e+01,4.700369420780395444e+02
1.017400344236839516e+01,1.657201445905590731e+01,4.094911173746302779e+01,4.247887380348105069e+01,4.722821466092434548e+02
1.027321788631636146e+01,1.657819590388232811e+01,4.133677099656048171e+01,4.208503309955719374e+01,4.745014527503461750e+02
1.037241688913579019e+01,1.658279749150492322e+01,4.171818174459230022e+01,4.169902076390277301e+01,4.766953424520163480e+02
1.047160030578808509e+01,1.658588339845512749e+01,4.209351573968294957e+01,4.132060086186191938e+01,4.788642862984046928e+02
1.057076799137364453e+01,1.658751509189665896e+01,4.246293812740162821e+01,4.094954678070170928e+01,4.810087437522072378e+02
1.066991980113306226e+01,1.658775145782272986e+01,4.282660775969348066e+01,4.058564078248379303e+01,4.831291634025392341e+02
1.076905559044837979e+01,1.658664892251094969e+01,4.318467749572275238e+01,4.022867358176629438e+01,4.852259832142475489e+02
1.086817521484427651e+01,1.658426156761901993e+01,4.353729448578616257e+01,3.987844394659481395e+01,4.872996307775972014e+02
1.096727852998931141e+01,1.658064123928324207e+01,4.388460043937758570e+01,3.953475832133916867e+01,4.893505235573239815e+02
1.106636539169711675e+01,1.657583765155897026e+01,4.422673187840391051e+01,3.919743047003711212e+01,4.913790691402591619e+02
1.116543565592761844e+01,1.656989848452288072e+01,4.456382037648656791e+01,3.886628113899054426e+01,4.933856654808170106e+02
1.126448917878823330e+01,1.656286947733727999e+01,4.489599278521605186e+01,3.854113773744666815e+01,4.953707011437483629e+02
1.136352581653508942e+01,1.655479451655957490e+01,4.522337144816797405e+01,3.822183403527245815e+01,4.973345555436696941e+02
1.146254542557419498e+01,1.654571571996198642e+01,4.554607440343298919e+01,3.790820987660502794e+01,4.992775991809515403e+02
1.156154786246267641e+01,1.653567351611218328e+01,4.586421557536291260e+01,3.760011090852491122e+01,5.012001938736306101e+02
1.166053298390993120e+01,1.652470671994961293e+01,4.617790495618663726e+01,3.729738832386374980e+01,5.031026929850466445e+02
1.175950064677884832e+01,1.651285260457906645e+01,4.648724877810618494e+01,3.699989861731475571e+01,5.049854416470155343e+02
1.185845070808697876e+01,1.650014696948948867e+01,4.679234967644188004e+01,3.670750335406863485e+01,5.068487769783368435e+02
1.195738302500772221e+01,1.648662420539333695e+01,4.709330684435908410e+01,3.642006895024758251e+01,5.086930282985224494e+02
1.205629745487150828e+01,1.647231735587262236e+01,4.739021617967161148e+01,3.613746646445576260e+01,5.105185173366315325e+02
1.215519385516697248e+01,1.645725817600222385e+01,4.768317042418692608e+01,3.585957139981085362e+01,5.123255584351910557e+02
1.225407208354212685e+01,1.644147718811692016e+01,4.797225929602644356e+01,3.558626351585664338e+01,5.141144587491122593e+02
1.235293199780553763e+01,1.642500373487408183e+01,4.825756961532538725e+01,3.531742664980052382e+01,5.158855184396311415e+02
1.245177345592747642e+01,1.640786602975673247e+01,4.853918542369412137e+01,3.505294854654914616e+01,5.176390308632858250e+02
1.255059631604109782e+01,1.639009120515529716e+01,4.881718809779330570e+01,3.479272069705140780e+01,5.193752827559125080e+02
1.264940043644359058e+01,1.637170535815383587e+01,4.909165645735783556e+01,3.453663818448833922e+01,5.210945544117735153e+02
1.274818567559733395e+01,1.635273359414484418e+01,4.936266686797954861e+01,3.428459953787561432e+01,5.227971198577984069e+02
1.284695189213105238e+01,1.633320006838455640e+01,4.963029333894234441e+01,3.403650659267309209e+01,5.244832470230637682e+02
1.294569894484095762e+01,1.631312802559752839e+01,4.989460761638197539e+01,3.379226435802050332e+01,5.261531979035447648e+02
1.304442669269190347e+01,1.629253983773167747e+01,5.015567927202898346e+01,3.355178089023933552e+01,5.278072287222528303e+02
1.314313499481850833e+01,1.627145703996025716e+01,5.041357578777431314e+01,3.331496717226543325e+01,5.294455900848141710e+02
1.324182371052632057e+01,1.624990036501982260e+01,5.066836263628581349e+01,3.308173699869436746e+01,5.310685271306093682e+02
1.334049269929292691e+01,1.622788977597076610e+01,5.092010335788648945e+01,3.285200686614274446e+01,5.326762796795596842e+02
1.343914182076909114e+01,1.620544449746008553e+01,5.116885963389571401e+01,3.262569586864420046e+01,5.342690823746601154e+02
1.353777093477988558e+01,1.618258304556321647e+01,5.141469135661982648e+01,3.240272559781696771e+01,5.358471648203543509e+02
1.363637990132580491e+01,1.615932325627558797e+01,5.165765669617076128e+01,3.218302004755365431e+01,5.374107517168616823e+02
1.373496858058389058e+01,1.613568231272295961e+01,5.189781216427593336e+01,3.196650552300110348e+01,5.389600629905694404e+02
1.383353683290884284e+01,1.611167677115372854e+01,5.213521267523928771e+01,3.175311055360699442e+01,5.404953139205623529e+02
1.393208451883413623e+01,1.608732258577425256e+01,5.236991160419749747e+01,3.154276581002824997e+01,5.420167152614258157e+02
1.403061149907311567e+01,1.606263513248458352e+01,5.260196084281189854e+01,3.133540402470351083e+01,5.435244733624141418e+02
1.412911763452011371e+01,1.603762923156767783e+01,5.283141085252698588e+01,3.113095991590533274e+01,5.450187902830778057e+02
1.422760278625154307e+01,1.601231916938569100e+01,5.305831071551698841e+01,3.092937011509732059e+01,5.464998639054587102e+02
1.432606681552699257e+01,1.598671871912850584e+01,5.328270818343895598e+01,3.073057309743254706e+01,5.479678880429523815e+02
1.442450958379031789e+01,1.596084116066384162e+01,5.350464972409942987e+01,3.053450911523673383e+01,5.494230525459336150e+02
1.452293095267072864e+01,1.593469929952965281e+01,5.372418056614083071e+01,3.034112013432950761e+01,5.508655434042452725e+02
1.462133078398387909e+01,1.590830548511168097e+01,5.394134474184277650e+01,3.015034977304551944e+01,5.522955428466332251e+02
1.471970893973294281e+01,1.588167162804399268e+01,5.415618512813215091e+01,2.996214324382385641e+01,5.537132294372329397e+02
1.481806528210968033e+01,1.585480921687042688e+01,5.436874348588828099e+01,2.977644729724128325e+01,5.551187781691942291e+02
1.491639967349553331e+01,1.582772933400092086e+01,5.457906049762578959e+01,2.959321016837328600e+01,5.565123605555263566e+02
1.501471197646266909e+01,1.580044267099672339e+01,5.478717580363300499e+01,2.941238152537027517e+01,5.578941447172552444e+02
1.511300205377504824e+01,1.577295954321567351e+01,5.499312803663938354e+01,2.923391242014494296e+01,5.592642954689711132e+02
1.521126976838949929e+01,1.574528990384665761e+01,5.519695485508170663e+01,2.905775524107163221e+01,5.606229744018605743e+02
1.530951498345676676e+01,1.571744335736294040e+01,5.539869297503536671e+01,2.888386366760168755e+01,5.619703399642828572e+02
1.540773756232255565e+01,1.568942917241987445e+01,5.559837820087191318e+01,2.871219262670822303e+01,5.633065475399864681e+02
1.550593736852857951e+01,1.566125629422343302e+01,5.579604545470364485e+01,2.854269825107291680e+01,5.646317495240269864e+02
1.560411426581361738e+01,1.563293335639300352e+01,5.599172880467017421e+01,2.837533783893682227e+01,5.659460953964687633e+02
1.570226811811453338e+01,1.560446869234189471e+01,5.618546149212048135e+01,2.821006981553761506e+01,5.672497317939273671e+02
1.580039878956733723e+01,1.557587034619746014e+01,5.637727595773989009e+01,2.804685369606265510e+01,5.685428025790433821e+02
1.589850614450817368e+01,1.554714608328082370e+01,5.656720386667165457e+01,2.788565005004752351e+01,5.698254489079331506e+02
1.599659004747440605e+01,1.551830340016730503e+01,5.675527613267574623e+01,2.772642046715695940e+01,5.710978092956879664e+02
1.609465036320558085e+01,1.548934953434421224e+01,5.694152294137101222e+01,2.756912752428475955e+01,5.723600196799799278e+02
1.619268695664449353e+01,1.546029147348622068e+01,5.712597377259803721e+01,2.741373475391574743e+01,5.736122134828571006e+02
1.629069969293815845e+01,1.543113596436343471e+01,5.730865742194407630e+01,2.726020661369248899e+01,5.748545216707433383e+02
1.638868843743886927e+01,1.540188952139870437e+01,5.748960202146572129e+01,2.710850845713555657e+01,5.760870728127468965e+02
1.648665305570514406e+01,1.537255843489024087e+01,5.766883505964499790e+01,2.695860650546475057e+01,5.773099931372914853e+02
1.658459341350278393e+01,1.534314877891321238e+01,5.784638340061016493e+01,2.681046782047661736e+01,5.785234065871489975e+02
1.668250937680583235e+01,1.531366641891455060e+01,5.802227330265596095e+01,2.666406027842949555e+01,5.797274348729288249e+02
1.678040081179757337e+01,1.528411701901448438e+01,5.819653043609047671e+01,2.651935254489503535e+01,5.809221975250324022e+02
1.687826758487154066e+01,1.525450604902679963e+01,5.836917990043887983e+01,2.637631405053431521e+01,5.821078119441784793e+02
1.697610956263247317e+01,1.522483879121044836e+01,5.854024624103048069e+01,2.623491496775907805e+01,5.832843934504979870e+02
1.707392661189731342e+01,1.519512034676349366e+01,5.870975346499515979e+01,2.609512618824134478e+01,5.844520553312737547e+02
1.717171859969616676e+01,1.516535564207043585e+01,5.887772505669450851e+01,2.595691930123506097e+01,5.856109088873499786e+02
1.726948539327328902e+01,1.513554943471318026e+01,5.904418399260986661e+01,2.582026657267696024e+01,5.867610634782546413e+02
1.736722686008803862e+01,1.510570631925625484e+01,5.920915275571046976e+01,2.568514092503327362e+01,5.879026265660932040e+02
1.746494286781583938e+01,1.507583073281430508e+01,5.937265334932344274e+01,2.555151591786224330e+01,5.890357037582273279e+02
1.756263328434915749e+01,1.504592696041233069e+01,5.953470731052483700e+01,2.541936572906282521e+01,5.901603988487954666e+02
1.766029797779842170e+01,1.501599914014652981e+01,5.969533572307151559e+01,2.528866513678195105e+01,5.912768138591043225e+02
1.775793681649299316e+01,1.498605126815399302e+01,5.985455922989356736e+01,2.515938950195243962e+01,5.923850490769174257e+02
1.785554966898209628e+01,1.495608720339916253e+01,6.001239804516244902e+01,2.503151475143838312e+01,5.934852030946972263e+02
1.795313640403578148e+01,1.492611067228465593e+01,6.016887196595439491e+01,2.490501736176094738e+01,5.945773728468171839e+02
1.805069689064582761e+01,1.489612527309336620e+01,6.032400038352290039e+01,2.477987434338373518e+01,5.956616536457689790e+02
1.814823099802668338e+01,1.486613448026879958e+01,6.047780229419728215e+01,2.465606322553392360e+01,5.967381392174144139e+02
1.824573859561641953e+01,1.483614164854031792e+01,6.063029630992049590e+01,2.453356204153918796e+01,5.978069217353058775e+02
1.834321955307760277e+01,1.480615001689901433e+01,6.078150066844192168e+01,2.441234931465905689e+01,5.988680918540891298e+02
1.844067374029825146e+01,1.477616271243065782e+01,6.093143324317696852e+01,2.429240404439238077e+01,5.999217387420383147e+02
1.853810102739272025e+01,1.474618275401141609e+01,6.108011155274659387e+01,2.417370569324198826e+01,6.009679501127328649e+02
1.863550128470263090e+01,1.471621305587119366e+01,6.122755277021040143e+01,2.405623417391839780e+01,6.020068122559144967e+02
1.873287438279774619e+01,1.468625643103068867e+01,6.137377373200215658e+01,2.393996983696715475e+01,6.030384100675357786e+02
1.883022019247690437e+01,1.465631559461628974e+01,6.151879094658233527e+01,2.382489345880138387e+01,6.040628270790384704e+02
1.892753858476886819e+01,1.462639316705807957e+01,6.166262060281530921e+01,2.371098623012661122e+01,6.050801454858736861e+02
1.902482943093325574e+01,1.459649167717549645e+01,6.180527857808346681e+01,2.359822974474102608e+01,6.060904461752952557e+02
1.912209260246140019e+01,1.456661356515454386e+01,6.194678044614738610e+01,2.348660598869807714e+01,6.070938087534495935e+02
1.921932797107723090e+01,1.453676118542154505e+01,6.208714148476073547e+01,2.337609732981773547e+01,6.080903115717574110e+02
1.931653540873815800e+01,1.450693680941650143e+01,6.222637668305046788e+01,2.326668650753304135e+01,6.090800317526537810e+02
1.941371478763591796e+01,1.447714262827054554e+01,6.236450074866954907e+01,2.315835662305991249e+01,6.100630452146610878e+02
1.951086598019748664e+01,1.444738075539110334e+01,6.250152811473081016e+01,2.305109112987808118e+01,6.110394266968414740e+02
1.960798885908587152e+01,1.441765322895772172e+01,6.263747294653041564e+01,2.294487382451184843e+01,6.120092497826396993e+02
1.970508329720103546e+01,1.438796201433266653e+01,6.277234914806751931e+01,2.283968883759980883e+01,6.129725869231325532e+02
1.980214916768070310e+01,1.435830900638896424e+01,6.290617036836846410e+01,2.273552062524257522e+01,6.139295094597010802e+02
1.989918634390121710e+01,1.432869603175942963e+01,6.303895000762157252e+01,2.263235396061899962e+01,6.148800876461449434e+02
1.999619469947839079e+01,1.429912485100911823e+01,6.317070122312969005e+01,2.253017392586120238e+01,6.158243906702540471e+02
2.009317410826832884e+01,1.426959716073444540e+01,6.330143693508687619e+01,2.242896590417868552e+01,6.167624866748624299e+02
2.019012444436827991e+01,1.424011459559154602e+01,6.343116983218536120e+01,2.232871557222308567e+01,6.176944427783722631e+02
2.028704558211743603e+01,1.421067873025668682e+01,6.355991237705833896e+01,2.222940889268496889e+01,6.186203250947991137e+02
2.038393739609776389e+01,1.418129108132073846e+01,6.368767681156497673e+01,2.213103210711428659e+01,6.195401987533197143e+02
2.048079976113485046e+01,1.415195310912079840e+01,6.381447516192211111e+01,2.203357172895708871e+01,6.204541279173650992e+02
2.057763255229867028e+01,1.412266621951057921e+01,6.394031924368916009e+01,2.193701453680026603e+01,6.213621758032453499e+02
2.067443564490443109e+01,1.409343176557242572e+01,6.406522066660978965e+01,2.184134756781779174e+01,6.222644046983371027e+02
2.077120891451333762e+01,1.406425104927249237e+01,6.418919083931659486e+01,2.174655811141091988e+01,6.231608759788372254e+02
2.086795223693344070e+01,1.403512532306172034e+01,6.431224097390177974e+01,2.165263370303650348e+01,6.240516501271087009e+02
2.096466548822037979e+01,1.400605579142393253e+01,6.443438209036055753e+01,2.155956211821551349e+01,6.249367867486002979e+02
2.106134854467820716e+01,1.397704361237345694e+01,6.455562502090938892e+01,2.146733136671714703e+01,6.258163445883837994e+02
2.115800128286014825e+01,1.394808989890397299e+01,6.467598041418388277e+01,2.137592968691214423e+01,6.266903815473087889e+02
2.125462357956937964e+01,1.391919572038995412e+01,6.479545873932129041e+01,2.128534554028875192e+01,6.275589546977752207e+02
2.135121531185984267e+01,1.389036210394294102e+01,6.491407028993005213e+01,2.119556760612700685e+01,6.284221202991418522e+02
2.144777635703695040e+01,1.386159003572378090e+01,6.503182518795081535e+01,2.110658477632539487e+01,6.292799338127884994e+02
2.154430659265839409e+01,1.383288046221273859e+01,6.514873338741220721e+01,2.101838615037505775e+01,6.301324499168273405e+02
2.164080589653488929e+01,1.380423429143863245e+01,6.526480467808480057e+01,2.093096103047657053e+01,6.309797225204815732e+02
2.173727414673093605e+01,1.377565239416856890e+01,6.538004868903706779e+01,2.084429891679437219e+01,6.318218047781349469e+02
2.183371122156555089e+01,1.374713560506000753e+01,6.549447489209482853e+01,2.075838950284516926e+01,6.326587491030694537e+02
2.193011699961301986e+01,1.371868472377556181e+01,6.560809260520980501e+01,2.067322267101463851e+01,6.334906071808917432e+02
2.202649135970365890e+01,1.369030051606278064e+01,6.572091099573798090e+01,2.058878848819924912e+01,6.343174299826544029e+02
2.212283418092450660e+01,1.366198371479966056e+01,6.583293908363123137e+01,2.050507720156910096e+01,6.351392677776943856e+02
2.221914534262008800e+01,1.363373502100697721e+01,6.594418574454594761e+01,2.042207923444706097e+01,6.359561701461713028e+02
2.231542472439312519e+01,1.360555510482894448e+01,6.605465971286922411e+01,2.033978518230184562e+01,6.367681859913548124e+02
2.241167220610524780e+01,1.357744460648287976e+01,6.616436958466758256e+01,2.025818580884953946e+01,6.375753635516016402e+02
2.250788766787773199e+01,1.354940413717896064e+01,6.627332382055874405e+01,2.017727204226230242e+01,6.383777504121169386e+02
2.260407099009217546e+01,1.352143428001177128e+01,6.638153074850934843e+01,2.009703497147887674e+01,6.391753935164155109e+02
2.270022205339123289e+01,1.349353559082338805e+01,6.648899856656156260e+01,2.001746584261504580e+01,6.399683391775705559e+02
2.279634073867929445e+01,1.346570859904018036e+01,6.659573534548981399e+01,1.993855605546999854e+01,6.407566330891800135e+02
2.289242692712320704e+01,1.343795380848325216e+01,6.670174903139000833e+01,1.986029716012673418e+01,6.415403203361468059e+02
2.298848050015291733e+01,1.341027169815411391e+01,6.680704744820396002e+01,1.978268085364192075e+01,6.423194454051725870e+02
2.308450133946219651e+01,1.338266272299576087e+01,6.691163830018005854e+01,1.970569897682416993e+01,6.430940521950749371e+02
2.318048932700930820e+01,1.335512731463089331e+01,6.701552917427225964e+01,1.962934351109684883e+01,6.438641840268442138e+02
2.327644434501767989e+01,1.332766588207663006e+01,6.711872754248012996e+01,1.955360657544323644e+01,6.446298836535240753e+02
2.337236627597656380e+01,1.330027881243824339e+01,6.722124076413011551e+01,1.947848042343164110e+01,6.453911932698551936e+02
2.346825500264171183e+01,1.327296647158084930e+01,6.732307608810145894e+01,1.940395744031768643e+01,6.461481545217339999e+02
2.356411040803604351e+01,1.324572920478126470e+01,6.742424065499702124e+01,1.933003014022169808e+01,6.469008085154557648e+02
2.365993237545028194e+01,1.321856733735969591e+01,6.752474149926118230e+01,1.925669116337912712e+01,6.476491958267913560e+02
2.375572078844360391e+01,1.319148117529222652e+01,6.762458555124682391e+01,1.918393327346093358e+01,6.483933565098456029e+02
2.385147553084429362e+01,1.316447100580505847e+01,6.772377963923173638e+01,1.911174935496319449e+01,6.491333301057516110e+02
2.394719648675038570e+01,1.313753709795031632e+01,6.782233049138714875e+01,1.904013241066254025e+01,6.498691556511845420e+02
2.404288354053027277e+01,1.311067970316494069e+01,6.792024473769878057e+01,1.896907555913628229e+01,6.506008716866864461e+02
2.413853657682336618e+01,1.308389905581257295e+01,6.801752891184210625e+01,1.889857203234531724e+01,6.513285162648418236e+02
2.423415548054070712e+01,1.305719537370907091e+01,6.811418945301352323e+01,1.882861517327739875e+01,6.520521269582706054e+02
2.432974013686556702e+01,1.303056885863243508e+01,6.821023270771804903e+01,1.875919843364951589e+01,6.527717408674686794e+02
2.442529043125409416e+01,1.300401969681748149e+01,6.830566493151509633e+01,1.869031537166742396e+01,6.534873946284770909e+02
2.452080624943589626e+01,1.297754805943556278e+01,6.840049229072334924e+01,1.862195964984108798e+01,6.541991244204181157e+02
2.461628747741466583e+01,1.295115410306021886e+01,6.849472086408636073e+01,1.855412503285342041e+01,6.549069659728561419e+02
2.471173400146874854e+01,1.292483797011886892e+01,6.858835664439892810e+01,1.848680538548219587e+01,6.556109545730354284e+02
2.480714570815177211e+01,1.289859978933125539e+01,6.868140554009663390e+01,1.841999467057210182e+01,6.563111250729474477e+02
2.490252248429319692e+01,1.287243967613448348e+01,6.877387337680855239e+01,1.835368694705697123e+01,6.570075118962889746e+02
2.499786421699893424e+01,1.284635773309609696e+01,6.886576589887444300e+01,1.828787636802946537e+01,6.577001490452513508e+02
2.509317079365190395e+01,1.282035405031453834e+01,6.895708877082745403e+01,1.822255717885801118e+01,6.583890701072061802e+02
2.518844210191260657e+01,1.279442870580776237e+01,6.904784757884388569e+01,1.815772371534835017e+01,6.590743082612357284e+02
2.528367802971970590e+01,1.276858176589092331e+01,6.913804783215921645e+01,1.809337040194986201e+01,6.597558962845433825e+02
2.537887846529057256e+01,1.274281328554236126e+01,6.922769496445296511e+01,1.802949175000467008e+01,6.604338665587548576e+02
2.547404329712187021e+01,1.271712330875935670e+01,6.931679433520272937e+01,1.796608235603792991e+01,6.611082510760746800e+02
2.556917241399006002e+01,1.269151186890295513e+01,6.940535123100792703e+01,1.790313690008911607e+01,6.617790814453363737e+02
2.566426570495199400e+01,1.266597898903344976e+01,6.949337086688413478e+01,1.784065014408240302e+01,6.624463888979313424e+02
2.575932305934545496e+01,1.264052468223531811e+01,6.958085838752879226e+01,1.777861693023589140e+01,6.631102042936390717e+02
2.585434436678966108e+01,1.261514895193317187e+01,6.966781886855987693e+01,1.771703217950695119e+01,6.637705581263147678e+02
2.594932951718582004e+01,1.258985179219839168e+01,6.975425731772652682e+01,1.765589089007508505e+01,6.644274805295024180e+02
2.604427840071764777e+01,1.256463318804683738e+01,6.984017867609365737e+01,1.759518813585950880e+01,6.650810012819289341e+02
2.613919090785192623e+01,1.253949311572790037e+01,6.992558781920162403e+01,1.753491906507046849e+01,6.657311498128827907e+02
2.623406692933894746e+01,1.251443154300532257e+01,7.001048955819960895e+01,1.747507889879506138e+01,6.663779552075093306e+02
2.632890635621309627e+01,1.248944842942972144e+01,7.009488864095570193e+01,1.741566292961458728e+01,6.670214462120007965e+02
2.642370907979332983e+01,1.246454372660335075e+01,7.017878975314275181e+01,1.735666652025390277e+01,6.676616512386863178e+02
2.651847499168366085e+01,1.243971737843724767e+01,7.026219751930126733e+01,1.729808510226148854e+01,6.682985983710293567e+02
2.661320398377368690e+01,1.241496932140085363e+01,7.034511650387958070e+01,1.723991417471957632e+01,6.689323153685385250e+02
2.670789594823906299e+01,1.239029948476463616e+01,7.042755121225233950e+01,1.718214930298301724e+01,6.695628296715725583e+02
2.680255077754199178e+01,1.236570779083552019e+01,7.050950609171748340e+01,1.712478611744700530e+01,6.701901684060791240e+02
2.689716836443169967e+01,1.234119415518571472e+01,7.059098553247208940e+01,1.706782031234220298e+01,6.708143583882272196e+02
2.699174860194493775e+01,1.231675848687506658e+01,7.067199386856816545e+01,1.701124764455676797e+01,6.714354261289616943e+02
2.708629138340641518e+01,1.229240068866674385e+01,7.075253537884864841e+01,1.695506393248460952e+01,6.720533978384819420e+02
2.718079660242928597e+01,1.226812065723704492e+01,7.083261428786354941e+01,1.689926505489941277e+01,6.726682994306291903e+02
2.727526415291562500e+01,1.224391828337897437e+01,7.091223476676815096e+01,1.684384694985288178e+01,6.732801565272038715e+02
2.736969392905684373e+01,1.221979345220031732e+01,7.099140093420164987e+01,1.678880561359803281e+01,6.738889944621924997e+02
2.746408582533419462e+01,1.219574604331571877e+01,7.107011685714873295e+01,1.673413709953555539e+01,6.744948382859373623e+02
2.755843973651916201e+01,1.217177593103347810e+01,7.114838655178327542e+01,1.667983751718325536e+01,6.750977127692091244e+02
2.765275555767393101e+01,1.214788298453705551e+01,7.122621398429480166e+01,1.662590303116812862e+01,6.756976424072347527e+02
2.774703318415184228e+01,1.212406706806120482e+01,7.130360307169898704e+01,1.657232986023979748e+01,6.762946514236190296e+02
2.784127251159777572e+01,1.210032804106339555e+01,7.138055768263058098e+01,1.651911427630603413e+01,6.768887637742407151e+02
2.793547343594861232e+01,1.207666575839009759e+01,7.145708163812180658e+01,1.646625260348810826e+01,6.774800031510309282e+02
2.802963585343365338e+01,1.205308007043852392e+01,7.153317871236440340e+01,1.641374121719706736e+01,6.780683929857276553e+02
2.812375966057501131e+01,1.202957082331364624e+01,7.160885263345682006e+01,1.636157654322953903e+01,6.786539564535419231e+02
2.821784475418804661e+01,1.200613785898084984e+01,7.168410708413669852e+01,1.630975505688245164e+01,6.792367164767606482e+02
2.831189103138175511e+01,1.198278101541436413e+01,7.175894570249855065e+01,1.625827328208708522e+01,6.798166957282969634e+02
2.840589838955917656e+01,1.195950012674102858e+01,7.183337208269794871e+01,1.620712779056101738e+01,6.803939166351761969e+02
2.849986672641780316e+01,1.193629502338069237e+01,7.190738977564149081e+01,1.615631520097782925e+01,6.809684013819523898e+02
2.859379593994993485e+01,1.191316553218200269e+01,7.198100228966335123e+01,1.610583217815464963e+01,6.815401719140780870e+02
2.868768592844309850e+01,1.189011147655472378e+01,7.205421309118904105e+01,1.605567543225622629e+01,6.821092499412067127e+02
2.878153659048041746e+01,1.186713267659819238e+01,7.212702560538588159e+01,1.600584171801591182e+01,6.826756569404539050e+02
2.887534782494097740e+01,1.184422894922608549e+01,7.219944321680156918e+01,1.595632783397235599e+01,6.832394141595757446e+02
2.896911953100019943e+01,1.182140010828772958e+01,7.227146926998972276e+01,1.590713062172254588e+01,6.838005426201287946e+02
2.906285160813024149e+01,1.179864596468604354e+01,7.234310707012413388e+01,1.585824696518982613e+01,6.843590631205457839e+02
2.915654395610028260e+01,1.177596632649200004e+01,7.241435988360105114e+01,1.580967378990694527e+01,6.849149962391738882e+02
2.925019647497695630e+01,1.175336099905590714e+01,7.248523093863016697e+01,1.576140806231392233e+01,6.854683623372638976e+02
2.934380906512465970e+01,1.173082978511564534e+01,7.255572342581405110e+01,1.571344678907029291e+01,6.860191815619120916e+02
2.943738162720588747e+01,1.170837248490157734e+01,7.262584049871765046e+01,1.566578701638075799e+01,6.865674738489161655e+02
2.953091406218162263e+01,1.168598889623891424e+01,7.269558527442561058e+01,1.561842582933548051e+01,6.871132589256607162e+02
2.962440627131161364e+01,1.166367881464675271e+01,7.276496083409075766e+01,1.557136035126248608e+01,6.876565563138675543e+02
2.971785815615475812e+01,1.164144203343454009e+01,7.283397022347133998e+01,1.552458774309412526e+01,6.881973853323639787e+02
2.981126961856938351e+01,1.161927834379584290e+01,7.290261645345867692e+01,1.547810520274547308e+01,6.887357650997736300e+02
2.990464056071357746e+01,1.159718753489926968e+01,7.297090250059522987e+01,1.543190996450550223e+01,6.892717145371792640e+02
2.999797088504554665e+01,1.157516939397701705e+01,7.303883130758251241e+01,1.538599929844048120e+01,6.898052523707275441e+02
3.009126049432386196e+01,1.155322370641080809e+01,7.310640578378060184e+01,1.534037050980859362e+01,6.903363971342075729e+02
3.018450929160778529e+01,1.153135025581539530e+01,7.317362880569783101e+01,1.529502093848677191e+01,6.908651671715660996e+02
3.027771718025762482e+01,1.150954882411971170e+01,7.324050321747162684e+01,1.524994795840864903e+01,6.913915806394146557e+02
3.037088406393495532e+01,1.148781919164568244e+01,7.330703183134141909e+01,1.520514897701290025e+01,6.919156555094551777e+02
3.046400984660292011e+01,1.146616113718502383e+01,7.337321742811130321e+01,1.516062143470367829e+01,6.924374095709063113e+02
3.055709443252658630e+01,1.144457443807333163e+01,7.343906275760663505e+01,1.511636280432004042e+01,6.929568604328584343e+02
3.065013772627313671e+01,1.142305887026278910e+01,7.350457053912032279e+01,1.507237059061688278e+01,6.934740255266161739e+02
3.074313963271219308e+01,1.140161420839197781e+01,7.356974346185293712e+01,1.502864232975508152e+01,6.939889221079844219e+02
3.083610005701608614e+01,1.138024022585462625e+01,7.363458418534321481e+01,1.498517558880214651e+01,6.945015672595286560e+02
3.092901890466011139e+01,1.135893669486547708e+01,7.369909533989262229e+01,1.494196796524190596e+01,6.950119778928001324e+02
3.102189608142279909e+01,1.133770338652500165e+01,7.376327952698100887e+01,1.489901708649398770e+01,6.955201707505217428e+02
3.111473149338615585e+01,1.131654007088181579e+01,7.382713931967603571e+01,1.485632060944215560e+01,6.960261624087354448e+02
